Status 	WindowsMs 		ProgGlob 	ProgLow 	ProgHi  	Sec     	Ms      	MsDiff  	X_Pos_J1	Y_Pos_J2	Z_Pos_J3	C_RotPos_J4	A_TiltPos_J5	LaseOn	PowerFeedback
.		1631612262589	00030608	00005908	00000000	00000039	00000905	NaN     	-76.915000	-155.910000	-83.900000	359.999000	0.001000	True	1313,96
L		1631612262589	00030610	00005910	00000000	00000039	00000909	00000004	-76.908000	-155.910000	-83.900000	359.999000	0.001000	True	618,46
L		1631612262589	00030612	00005912	00000000	00000039	00000913	00000004	-76.894000	-155.910000	-83.900000	359.999000	0.001000	True	1335,61
L		1631612262589	00030614	00005914	00000000	00000039	00000917	00000004	-76.871000	-155.910000	-83.900000	359.999000	0.001000	False	21,6
L		1631612262605	00030616	00005916	00000000	00000039	00000921	00000004	-76.842000	-155.920000	-83.900000	359.999000	0.001000	True	462,35
L		1631612262605	00030618	00005918	00000000	00000039	00000925	00000004	-76.808000	-155.920000	-83.900000	359.999000	0.001000	True	1064,64
L		1631612262605	00030620	00005920	00000000	00000039	00000929	00000004	-76.769000	-155.920000	-83.900000	359.999000	0.001000	False	2695,42
L		1631612262621	00030623	00005923	00000000	00000039	00000935	00000006	-76.697000	-155.910000	-83.900000	359.999000	0.001000	False	2569,05
L		1631612262621	00030625	00005925	00000000	00000039	00000939	00000004	-76.641000	-155.910000	-83.900000	359.999000	0.001000	False	2731,06
L		1631612262621	00030628	00005928	00000000	00000039	00000945	00000006	-76.547000	-155.910000	-83.900000	359.999000	0.001000	True	1655,12
L		1631612262621	00030630	00005930	00000000	00000039	00000949	00000004	-76.477000	-155.900000	-83.900000	359.999000	0.001000	True	2379,34
L		1631612262636	00030633	00005933	00000000	00000039	00000955	00000006	-76.366000	-155.900000	-83.900000	359.999000	0.001000	False	1170,62
L		1631612262636	00030635	00005935	00000000	00000039	00000959	00000004	-76.288000	-155.900000	-83.900000	359.999000	0.001000	True	944,78
L		1631612262636	00030638	00005938	00000000	00000039	00000965	00000006	-76.168000	-155.900000	-83.900000	359.999000	0.001000	True	743,85
L		1631612262652	00030640	00005940	00000000	00000039	00000969	00000004	-76.086000	-155.910000	-83.900000	359.999000	0.001000	False	1574,68
L		1631612262652	00030643	00005943	00000000	00000039	00000975	00000006	-75.974000	-155.910000	-83.900000	359.999000	0.001000	True	2672,24
L		1631612262652	00030645	00005945	00000000	00000039	00000979	00000004	-75.904000	-155.910000	-83.900000	359.999000	0.001000	False	2012,38
L		1631612262667	00030647	00005947	00000000	00000039	00000983	00000004	-75.834000	-155.910000	-83.900000	359.999000	0.001000	False	2469,08
L		1631612262667	00030649	00005949	00000000	00000039	00000987	00000004	-75.769000	-155.910000	-83.900000	359.999000	0.001000	False	160,88
L		1631612262667	00030652	00005952	00000000	00000039	00000993	00000006	-75.672000	-155.910000	-83.900000	359.999000	0.001000	False	2089,84
L		1631612262683	00030655	00005955	00000000	00000039	00000999	00000006	-75.578000	-155.910000	-83.900000	359.999000	0.001000	False	2140,83
L		1631612262683	00030657	00005957	00000000	00000040	00000003	00000004	-75.517000	-155.910000	-83.900000	359.999000	0.001000	False	800,64
L		1631612262683	00030659	00005959	00000000	00000040	00000007	00000004	-75.456000	-155.910000	-83.900000	359.999000	0.001000	False	2525,64
L		1631612262683	00030661	00005961	00000000	00000040	00000011	00000004	-75.397000	-155.910000	-83.900000	359.999000	0.001000	False	1451,88
L		1631612262699	00030663	00005963	00000000	00000040	00000015	00000004	-75.337000	-155.910000	-83.900000	359.999000	0.001000	False	2867,69
L		1631612262699	00030665	00005965	00000000	00000040	00000019	00000004	-75.277000	-155.910000	-83.900000	359.999000	0.001000	False	1266,29
L		1631612262699	00030667	00005967	00000000	00000040	00000023	00000004	-75.217000	-155.910000	-83.900000	359.999000	0.001000	True	2270,13
L		1631612262699	00030669	00005969	00000000	00000040	00000027	00000004	-75.157000	-155.900000	-83.900000	359.999000	0.001000	True	2561,06
L		1631612262714	00030671	00005971	00000000	00000040	00000031	00000004	-75.096000	-155.900000	-83.900000	359.999000	0.001000	True	223,65
L		1631612262714	00030673	00005973	00000000	00000040	00000035	00000004	-75.034000	-155.900000	-83.900000	359.999000	0.001000	False	486,18
L		1631612262714	00030675	00005975	00000000	00000040	00000039	00000004	-74.971000	-155.900000	-83.900000	359.999000	0.001000	True	1744,85
L		1631612262714	00030677	00005977	00000000	00000040	00000043	00000004	-74.909000	-155.900000	-83.900000	359.999000	0.001000	True	2457,39
L		1631612262730	00030679	00005979	00000000	00000040	00000047	00000004	-74.846000	-155.900000	-83.900000	359.999000	0.001000	False	1147,92
L		1631612262730	00030681	00005981	00000000	00000040	00000051	00000004	-74.787000	-155.900000	-83.900000	359.999000	0.001000	True	632,14
L		1631612262730	00030683	00005983	00000000	00000040	00000055	00000004	-74.729000	-155.900000	-83.900000	359.999000	0.001000	False	807,8
L		1631612262730	00030685	00005985	00000000	00000040	00000059	00000004	-74.670000	-155.900000	-83.900000	359.999000	0.001000	False	2499,52
L		1631612262745	00030687	00005987	00000000	00000040	00000063	00000004	-74.610000	-155.910000	-83.900000	359.999000	0.001000	True	2330,39
L		1631612262745	00030689	00005989	00000000	00000040	00000067	00000004	-74.552000	-155.910000	-83.900000	359.999000	0.001000	True	1839,91
L		1631612262745	00030692	00005992	00000000	00000040	00000073	00000006	-74.464000	-155.910000	-83.900000	359.999000	0.001000	False	2163,32
L		1631612262761	00030694	00005994	00000000	00000040	00000077	00000004	-74.405000	-155.910000	-83.900000	359.999000	0.001000	True	1465,38
L		1631612262761	00030696	00005996	00000000	00000040	00000081	00000004	-74.346000	-155.910000	-83.900000	359.999000	0.001000	False	2458,25
L		1631612262761	00030698	00005998	00000000	00000040	00000085	00000004	-74.287000	-155.910000	-83.900000	359.999000	0.001000	True	2986,46
L		1631612262761	00030700	00006000	00000000	00000040	00000089	00000004	-74.227000	-155.910000	-83.900000	359.999000	0.001000	True	515,68
L		1631612262777	00030702	00006002	00000000	00000040	00000093	00000004	-74.168000	-155.910000	-83.900000	359.999000	0.001000	False	827,49
L		1631612262777	00030704	00006004	00000000	00000040	00000097	00000004	-74.107000	-155.900000	-83.900000	359.999000	0.001000	True	931,67
L		1631612262777	00030707	00006007	00000000	00000040	00000103	00000006	-74.014000	-155.900000	-83.900000	359.999000	0.001000	True	2463,9
L		1631612262792	00030709	00006009	00000000	00000040	00000107	00000004	-73.950000	-155.900000	-83.900000	359.999000	0.001000	False	1693
L		1631612262792	00030711	00006011	00000000	00000040	00000111	00000004	-73.887000	-155.900000	-83.900000	359.999000	0.001000	True	1850,49
L		1631612262792	00030713	00006013	00000000	00000040	00000115	00000004	-73.825000	-155.900000	-83.900000	359.999000	0.001000	True	1027,05
L		1631612262792	00030715	00006015	00000000	00000040	00000119	00000004	-73.765000	-155.900000	-83.900000	359.999000	0.001000	True	2129,08
L		1631612262808	00030717	00006017	00000000	00000040	00000123	00000004	-73.706000	-155.900000	-83.900000	359.999000	0.001000	True	1614,29
L		1631612262808	00030719	00006019	00000000	00000040	00000127	00000004	-73.647000	-155.900000	-83.900000	359.999000	0.001000	False	1963,53
L		1631612262808	00030721	00006021	00000000	00000040	00000131	00000004	-73.587000	-155.900000	-83.900000	359.999000	0.001000	False	1100,28
L		1631612262808	00030723	00006023	00000000	00000040	00000135	00000004	-73.527000	-155.900000	-83.900000	359.999000	0.001000	True	1623,18
L		1631612262824	00030725	00006025	00000000	00000040	00000139	00000004	-73.468000	-155.910000	-83.900000	359.999000	0.001000	True	2109,27
L		1631612262824	00030727	00006027	00000000	00000040	00000143	00000004	-73.408000	-155.910000	-83.900000	359.999000	0.001000	False	2722,88
L		1631612262824	00030729	00006029	00000000	00000040	00000147	00000004	-73.346000	-155.910000	-83.900000	359.999000	0.001000	False	1698,25
L		1631612262824	00030731	00006031	00000000	00000040	00000151	00000004	-73.287000	-155.910000	-83.900000	359.999000	0.001000	True	1503,41
L		1631612262839	00030733	00006033	00000000	00000040	00000155	00000004	-73.227000	-155.910000	-83.900000	359.999000	0.001000	True	717,19
L		1631612262839	00030735	00006035	00000000	00000040	00000159	00000004	-73.166000	-155.900000	-83.900000	359.999000	0.001000	True	1700,9
L		1631612262839	00030737	00006037	00000000	00000040	00000163	00000004	-73.106000	-155.900000	-83.900000	359.999000	0.001000	False	675,71
L		1631612262839	00030739	00006039	00000000	00000040	00000167	00000004	-73.046000	-155.900000	-83.900000	359.999000	0.001000	False	1807,21
L		1631612262855	00030741	00006041	00000000	00000040	00000171	00000004	-72.985000	-155.900000	-83.900000	359.999000	0.001000	False	953,79
L		1631612262855	00030743	00006043	00000000	00000040	00000175	00000004	-72.924000	-155.900000	-83.900000	359.999000	0.001000	False	2395,07
L		1631612262855	00030745	00006045	00000000	00000040	00000179	00000004	-72.864000	-155.900000	-83.900000	359.999000	0.001000	True	2745,48
L		1631612262870	00030748	00006048	00000000	00000040	00000185	00000006	-72.775000	-155.900000	-83.900000	359.999000	0.001000	False	1404,05
L		1631612262870	00030750	00006050	00000000	00000040	00000189	00000004	-72.715000	-155.900000	-83.900000	359.999000	0.001000	False	2300,73
L		1631612262870	00030753	00006053	00000000	00000040	00000195	00000006	-72.628000	-155.900000	-83.900000	359.999000	0.001000	False	620,26
L		1631612262870	00030755	00006055	00000000	00000040	00000199	00000004	-72.568000	-155.900000	-83.900000	359.999000	0.001000	True	2545,17
L		1631612262886	00030757	00006057	00000000	00000040	00000203	00000004	-72.509000	-155.900000	-83.900000	359.999000	0.001000	False	410,79
L		1631612262886	00030759	00006059	00000000	00000040	00000207	00000004	-72.449000	-155.900000	-83.900000	359.999000	0.001000	False	631,69
L		1631612262886	00030761	00006061	00000000	00000040	00000211	00000004	-72.389000	-155.900000	-83.900000	359.999000	0.001000	False	2490,11
L		1631612262886	00030763	00006063	00000000	00000040	00000215	00000004	-72.328000	-155.900000	-83.900000	359.999000	0.001000	True	1396,19
L		1631612262902	00030765	00006065	00000000	00000040	00000219	00000004	-72.267000	-155.900000	-83.900000	359.999000	0.001000	False	1835,19
L		1631612262902	00030767	00006067	00000000	00000040	00000223	00000004	-72.206000	-155.900000	-83.900000	359.999000	0.001000	False	160,96
L		1631612262902	00030769	00006069	00000000	00000040	00000227	00000004	-72.144000	-155.900000	-83.900000	359.999000	0.001000	True	1256,17
L		1631612262902	00030771	00006071	00000000	00000040	00000231	00000004	-72.081000	-155.900000	-83.900000	359.999000	0.001000	False	419,35
L		1631612262917	00030773	00006073	00000000	00000040	00000235	00000004	-72.020000	-155.900000	-83.900000	359.999000	0.001000	False	882,92
L		1631612262917	00030775	00006075	00000000	00000040	00000239	00000004	-71.959000	-155.900000	-83.900000	359.999000	0.001000	False	441,99
L		1631612262917	00030777	00006077	00000000	00000040	00000243	00000004	-71.898000	-155.900000	-83.900000	359.999000	0.001000	False	2032,39
L		1631612262933	00030779	00006079	00000000	00000040	00000247	00000004	-71.839000	-155.900000	-83.900000	359.999000	0.001000	True	1319,34
L		1631612262933	00030781	00006081	00000000	00000040	00000251	00000004	-71.779000	-155.900000	-83.900000	359.999000	0.001000	True	1464,86
L		1631612262933	00030783	00006083	00000000	00000040	00000255	00000004	-71.721000	-155.900000	-83.900000	359.999000	0.001000	False	2262,11
L		1631612262933	00030785	00006085	00000000	00000040	00000259	00000004	-71.662000	-155.900000	-83.900000	359.999000	0.001000	False	29,31
L		1631612262949	00030787	00006087	00000000	00000040	00000263	00000004	-71.602000	-155.900000	-83.900000	359.999000	0.001000	True	1167,57
L		1631612262949	00030789	00006089	00000000	00000040	00000267	00000004	-71.544000	-155.900000	-83.900000	359.999000	0.001000	True	1227,17
L		1631612262949	00030791	00006091	00000000	00000040	00000271	00000004	-71.484000	-155.900000	-83.900000	359.999000	0.001000	True	1071,71
L		1631612262949	00030793	00006093	00000000	00000040	00000275	00000004	-71.425000	-155.900000	-83.900000	359.999000	0.001000	True	1797,56
L		1631612262964	00030795	00006095	00000000	00000040	00000279	00000004	-71.365000	-155.900000	-83.900000	359.999000	0.001000	True	78,84
L		1631612262964	00030797	00006097	00000000	00000040	00000283	00000004	-71.306000	-155.900000	-83.900000	359.999000	0.001000	True	1828,73
L		1631612262964	00030799	00006099	00000000	00000040	00000287	00000004	-71.246000	-155.900000	-83.900000	359.999000	0.001000	True	667,08
L		1631612262964	00030801	00006101	00000000	00000040	00000291	00000004	-71.185000	-155.900000	-83.900000	359.999000	0.001000	False	1041,26
L		1631612262980	00030803	00006103	00000000	00000040	00000295	00000004	-71.124000	-155.900000	-83.900000	359.999000	0.001000	True	2146,56
L		1631612262980	00030805	00006105	00000000	00000040	00000299	00000004	-71.063000	-155.900000	-83.900000	359.999000	0.001000	True	159,91
L		1631612262980	00030807	00006107	00000000	00000040	00000303	00000004	-71.000000	-155.900000	-83.900000	359.999000	0.001000	False	2560,03
L		1631612262980	00030809	00006109	00000000	00000040	00000307	00000004	-70.937000	-155.900000	-83.900000	359.999000	0.001000	True	303,25
L		1631612262995	00030811	00006111	00000000	00000040	00000311	00000004	-70.874000	-155.900000	-83.900000	359.999000	0.001000	True	1504,07
L		1631612262995	00030813	00006113	00000000	00000040	00000315	00000004	-70.812000	-155.900000	-83.900000	359.999000	0.001000	True	2018,11
L		1631612262995	00030815	00006115	00000000	00000040	00000319	00000004	-70.753000	-155.900000	-83.900000	359.999000	0.001000	False	1688,47
L		1631612262995	00030817	00006117	00000000	00000040	00000323	00000004	-70.694000	-155.900000	-83.900000	359.999000	0.001000	True	1539,59
L		1631612263011	00030819	00006119	00000000	00000040	00000327	00000004	-70.636000	-155.900000	-83.900000	359.999000	0.001000	False	640,74
L		1631612263011	00030821	00006121	00000000	00000040	00000331	00000004	-70.577000	-155.900000	-83.900000	359.999000	0.001000	False	2273,79
L		1631612263011	00030823	00006123	00000000	00000040	00000335	00000004	-70.518000	-155.900000	-83.900000	359.999000	0.001000	False	387,17
L		1631612263011	00030825	00006125	00000000	00000040	00000339	00000004	-70.459000	-155.900000	-83.900000	359.999000	0.001000	True	2009,02
L		1631612263027	00030827	00006127	00000000	00000040	00000343	00000004	-70.400000	-155.900000	-83.900000	359.999000	0.001000	True	1438,46
L		1631612263027	00030829	00006129	00000000	00000040	00000347	00000004	-70.340000	-155.900000	-83.900000	359.999000	0.001000	False	2502,7
L		1631612263027	00030831	00006131	00000000	00000040	00000351	00000004	-70.280000	-155.900000	-83.900000	359.999000	0.001000	False	446,07
L		1631612263027	00030833	00006133	00000000	00000040	00000355	00000004	-70.220000	-155.900000	-83.900000	359.999000	0.001000	True	1467,11
L		1631612263042	00030835	00006135	00000000	00000040	00000359	00000004	-70.160000	-155.900000	-83.900000	359.999000	0.001000	False	2915,9
L		1631612263042	00030838	00006138	00000000	00000040	00000365	00000006	-70.068000	-155.900000	-83.900000	359.999000	0.001000	False	96,17
L		1631612263042	00030840	00006140	00000000	00000040	00000369	00000004	-70.007000	-155.900000	-83.900000	359.999000	0.001000	True	2519,9
L		1631612263058	00030842	00006142	00000000	00000040	00000373	00000004	-69.944000	-155.900000	-83.900000	359.999000	0.001000	True	2231,47
L		1631612263058	00030844	00006144	00000000	00000040	00000377	00000004	-69.882000	-155.900000	-83.900000	359.999000	0.001000	False	991,11
L		1631612263058	00030846	00006146	00000000	00000040	00000381	00000004	-69.822000	-155.900000	-83.900000	359.999000	0.001000	True	2212,86
L		1631612263058	00030848	00006148	00000000	00000040	00000385	00000004	-69.763000	-155.900000	-83.900000	359.999000	0.001000	False	2881,52
L		1631612263074	00030850	00006150	00000000	00000040	00000389	00000004	-69.703000	-155.900000	-83.900000	359.999000	0.001000	True	2370,09
L		1631612263074	00030852	00006152	00000000	00000040	00000393	00000004	-69.645000	-155.900000	-83.900000	359.999000	0.001000	False	2,1
L		1631612263074	00030854	00006154	00000000	00000040	00000397	00000004	-69.586000	-155.900000	-83.900000	359.999000	0.001000	False	179,19
L		1631612263074	00030856	00006156	00000000	00000040	00000401	00000004	-69.526000	-155.900000	-83.900000	359.999000	0.001000	False	216,12
L		1631612263089	00030858	00006158	00000000	00000040	00000405	00000004	-69.465000	-155.900000	-83.900000	359.999000	0.001000	True	1280,17
L		1631612263089	00030861	00006161	00000000	00000040	00000411	00000006	-69.376000	-155.900000	-83.900000	359.999000	0.001000	True	2850,48
L		1631612263089	00030863	00006163	00000000	00000040	00000415	00000004	-69.315000	-155.900000	-83.900000	359.999000	0.001000	True	1162,43
L		1631612263105	00030865	00006165	00000000	00000040	00000419	00000004	-69.255000	-155.900000	-83.900000	359.999000	0.001000	False	2072,21
L		1631612263105	00030867	00006167	00000000	00000040	00000423	00000004	-69.194000	-155.900000	-83.900000	359.999000	0.001000	True	360,5
L		1631612263105	00030869	00006169	00000000	00000040	00000427	00000004	-69.135000	-155.900000	-83.900000	359.999000	0.001000	False	345,68
L		1631612263105	00030871	00006171	00000000	00000040	00000431	00000004	-69.074000	-155.890000	-83.900000	359.999000	0.001000	False	294,83
L		1631612263120	00030873	00006173	00000000	00000040	00000435	00000004	-69.013000	-155.890000	-83.900000	359.999000	0.001000	True	687,4
L		1631612263120	00030876	00006176	00000000	00000040	00000441	00000006	-68.921000	-155.890000	-83.900000	359.999000	0.001000	True	2732,67
L		1631612263120	00030878	00006178	00000000	00000040	00000445	00000004	-68.860000	-155.900000	-83.900000	359.999000	0.001000	False	1348,42
L		1631612263120	00030880	00006180	00000000	00000040	00000449	00000004	-68.801000	-155.900000	-83.900000	359.999000	0.001000	False	1411,68
L		1631612263136	00030882	00006182	00000000	00000040	00000453	00000004	-68.742000	-155.900000	-83.900000	359.999000	0.001000	False	1862,58
L		1631612263136	00030884	00006184	00000000	00000040	00000457	00000004	-68.683000	-155.890000	-83.900000	359.999000	0.001000	False	2174,38
L		1631612263136	00030887	00006187	00000000	00000040	00000463	00000006	-68.593000	-155.890000	-83.900000	359.999000	0.001000	False	990,45
L		1631612263152	00030889	00006189	00000000	00000040	00000467	00000004	-68.535000	-155.890000	-83.900000	359.999000	0.001000	False	2434,39
L		1631612263152	00030891	00006191	00000000	00000040	00000471	00000004	-68.474000	-155.890000	-83.900000	359.999000	0.001000	True	1569,47
L		1631612263152	00030893	00006193	00000000	00000040	00000475	00000004	-68.415000	-155.890000	-83.900000	359.999000	0.001000	True	2149,51
L		1631612263152	00030895	00006195	00000000	00000040	00000479	00000004	-68.355000	-155.890000	-83.900000	359.999000	0.001000	True	2053,54
L		1631612263167	00030897	00006197	00000000	00000040	00000483	00000004	-68.295000	-155.890000	-83.900000	359.999000	0.001000	True	1088,32
L		1631612263167	00030899	00006199	00000000	00000040	00000487	00000004	-68.234000	-155.890000	-83.900000	359.999000	0.001000	True	2802,17
L		1631612263167	00030901	00006201	00000000	00000040	00000491	00000004	-68.173000	-155.890000	-83.900000	359.999000	0.001000	False	1056,64
L		1631612263167	00030903	00006203	00000000	00000040	00000495	00000004	-68.112000	-155.890000	-83.900000	359.999000	0.001000	False	596,3
L		1631612263183	00030905	00006205	00000000	00000040	00000499	00000004	-68.050000	-155.890000	-83.900000	359.999000	0.001000	False	2449,43
L		1631612263183	00030907	00006207	00000000	00000040	00000503	00000004	-67.989000	-155.890000	-83.900000	359.999000	0.001000	False	1828,19
L		1631612263183	00030909	00006209	00000000	00000040	00000507	00000004	-67.928000	-155.890000	-83.900000	359.999000	0.001000	True	2144,05
L		1631612263183	00030911	00006211	00000000	00000040	00000511	00000004	-67.868000	-155.890000	-83.900000	359.999000	0.001000	False	379,68
L		1631612263198	00030913	00006213	00000000	00000040	00000515	00000004	-67.808000	-155.890000	-83.900000	359.999000	0.001000	False	2274,97
L		1631612263198	00030915	00006215	00000000	00000040	00000519	00000004	-67.749000	-155.890000	-83.900000	359.999000	0.001000	True	762,97
L		1631612263198	00030917	00006217	00000000	00000040	00000523	00000004	-67.691000	-155.890000	-83.900000	359.999000	0.001000	True	2744,73
L		1631612263198	00030919	00006219	00000000	00000040	00000527	00000004	-67.632000	-155.890000	-83.900000	359.999000	0.001000	False	2465,81
L		1631612263214	00030921	00006221	00000000	00000040	00000531	00000004	-67.572000	-155.890000	-83.900000	359.999000	0.001000	True	1745,22
L		1631612263214	00030923	00006223	00000000	00000040	00000535	00000004	-67.513000	-155.890000	-83.900000	359.999000	0.001000	False	1968,56
L		1631612263214	00030925	00006225	00000000	00000040	00000539	00000004	-67.453000	-155.890000	-83.900000	359.999000	0.001000	False	1722,13
L		1631612263214	00030927	00006227	00000000	00000040	00000543	00000004	-67.394000	-155.890000	-83.900000	359.999000	0.001000	False	1039,16
L		1631612263230	00030929	00006229	00000000	00000040	00000547	00000004	-67.334000	-155.890000	-83.900000	359.999000	0.001000	False	2837,4
L		1631612263230	00030931	00006231	00000000	00000040	00000551	00000004	-67.273000	-155.890000	-83.900000	359.999000	0.001000	False	48,66
L		1631612263230	00030933	00006233	00000000	00000040	00000555	00000004	-67.212000	-155.890000	-83.900000	359.999000	0.001000	True	410,16
L		1631612263230	00030935	00006235	00000000	00000040	00000559	00000004	-67.151000	-155.890000	-83.900000	359.999000	0.001000	True	1624,49
L		1631612263245	00030938	00006238	00000000	00000040	00000565	00000006	-67.058000	-155.890000	-83.900000	359.999000	0.001000	True	2370,27
L		1631612263245	00030941	00006241	00000000	00000040	00000571	00000006	-66.965000	-155.890000	-83.900000	359.999000	0.001000	False	300,66
L		1631612263261	00030943	00006243	00000000	00000040	00000575	00000004	-66.906000	-155.890000	-83.900000	359.999000	0.001000	False	1023,44
L		1631612263261	00030945	00006245	00000000	00000040	00000579	00000004	-66.846000	-155.890000	-83.900000	359.999000	0.001000	False	1063,38
L		1631612263261	00030947	00006247	00000000	00000040	00000583	00000004	-66.787000	-155.890000	-83.900000	359.999000	0.001000	False	490,23
L		1631612263261	00030949	00006249	00000000	00000040	00000587	00000004	-66.729000	-155.890000	-83.900000	359.999000	0.001000	True	2104,94
L		1631612263277	00030951	00006251	00000000	00000040	00000591	00000004	-66.670000	-155.890000	-83.900000	359.999000	0.001000	True	514,46
L		1631612263277	00030953	00006253	00000000	00000040	00000595	00000004	-66.612000	-155.890000	-83.900000	359.999000	0.001000	True	2280,31
L		1631612263277	00030955	00006255	00000000	00000040	00000599	00000004	-66.553000	-155.890000	-83.900000	359.999000	0.001000	True	1950,08
L		1631612263277	00030958	00006258	00000000	00000040	00000605	00000006	-66.462000	-155.890000	-83.900000	359.999000	0.001000	True	1286,77
L		1631612263292	00030960	00006260	00000000	00000040	00000609	00000004	-66.403000	-155.890000	-83.900000	359.999000	0.001000	False	1155,79
L		1631612263292	00030962	00006262	00000000	00000040	00000613	00000004	-66.343000	-155.890000	-83.900000	359.999000	0.001000	True	735,31
L		1631612263292	00030964	00006264	00000000	00000040	00000617	00000004	-66.282000	-155.890000	-83.900000	359.999000	0.001000	False	2189,88
L		1631612263292	00030966	00006266	00000000	00000040	00000621	00000004	-66.221000	-155.890000	-83.900000	359.999000	0.001000	False	1177,93
L		1631612263308	00030968	00006268	00000000	00000040	00000625	00000004	-66.160000	-155.890000	-83.900000	359.999000	0.001000	False	2352,64
L		1631612263308	00030970	00006270	00000000	00000040	00000629	00000004	-66.099000	-155.890000	-83.900000	359.999000	0.001000	True	92,89
L		1631612263308	00030972	00006272	00000000	00000040	00000633	00000004	-66.037000	-155.890000	-83.900000	359.999000	0.001000	True	2446,69
L		1631612263308	00030974	00006274	00000000	00000040	00000637	00000004	-65.974000	-155.890000	-83.900000	359.999000	0.001000	False	2479,53
L		1631612263323	00030976	00006276	00000000	00000040	00000641	00000004	-65.915000	-155.890000	-83.900000	359.999000	0.001000	False	335,9
L		1631612263323	00030978	00006278	00000000	00000040	00000645	00000004	-65.855000	-155.890000	-83.900000	359.999000	0.001000	False	823,55
L		1631612263323	00030980	00006280	00000000	00000040	00000649	00000004	-65.795000	-155.890000	-83.900000	359.999000	0.001000	True	1337,59
L		1631612263339	00030982	00006282	00000000	00000040	00000653	00000004	-65.737000	-155.890000	-83.900000	359.999000	0.001000	True	2536,55
L		1631612263339	00030984	00006284	00000000	00000040	00000657	00000004	-65.678000	-155.890000	-83.900000	359.999000	0.001000	False	397,02
L		1631612263339	00030986	00006286	00000000	00000040	00000661	00000004	-65.619000	-155.890000	-83.900000	359.999000	0.001000	False	2039,13
L		1631612263339	00030988	00006288	00000000	00000040	00000665	00000004	-65.561000	-155.890000	-83.900000	359.999000	0.001000	False	2918,24
L		1631612263355	00030990	00006290	00000000	00000040	00000669	00000004	-65.502000	-155.890000	-83.900000	359.999000	0.001000	False	2902,88
L		1631612263355	00030993	00006293	00000000	00000040	00000675	00000006	-65.413000	-155.890000	-83.900000	359.999000	0.001000	False	565,86
L		1631612263355	00030995	00006295	00000000	00000040	00000679	00000004	-65.352000	-155.890000	-83.900000	359.999000	0.001000	False	667,74
L		1631612263370	00030998	00006298	00000000	00000040	00000685	00000006	-65.263000	-155.890000	-83.900000	359.999000	0.001000	True	2206,01
L		1631612263370	00031001	00006301	00000000	00000040	00000691	00000006	-65.171000	-155.890000	-83.900000	359.999000	0.001000	False	291,66
L		1631612263370	00031004	00006304	00000000	00000040	00000697	00000006	-65.078000	-155.890000	-83.900000	359.999000	0.001000	True	2333,38
L		1631612263386	00031006	00006306	00000000	00000040	00000701	00000004	-65.015000	-155.890000	-83.900000	359.999000	0.001000	True	1216,64
L		1631612263386	00031008	00006308	00000000	00000040	00000705	00000004	-64.953000	-155.890000	-83.900000	359.999000	0.001000	True	1509,72
L		1631612263386	00031010	00006310	00000000	00000040	00000709	00000004	-64.892000	-155.890000	-83.900000	359.999000	0.001000	True	2167,83
L		1631612263386	00031012	00006312	00000000	00000040	00000713	00000004	-64.833000	-155.890000	-83.900000	359.999000	0.001000	True	1260,41
L		1631612263402	00031014	00006314	00000000	00000040	00000717	00000004	-64.774000	-155.890000	-83.900000	359.999000	0.001000	False	652,05
L		1631612263402	00031016	00006316	00000000	00000040	00000721	00000004	-64.715000	-155.890000	-83.900000	359.999000	0.001000	True	667,81
L		1631612263402	00031018	00006318	00000000	00000040	00000725	00000004	-64.656000	-155.890000	-83.900000	359.999000	0.001000	False	854,26
L		1631612263402	00031020	00006320	00000000	00000040	00000729	00000004	-64.596000	-155.890000	-83.900000	359.999000	0.001000	False	1569,16
L		1631612263417	00031022	00006322	00000000	00000040	00000733	00000004	-64.538000	-155.890000	-83.900000	359.999000	0.001000	False	86,65
L		1631612263417	00031024	00006324	00000000	00000040	00000737	00000004	-64.479000	-155.890000	-83.900000	359.999000	0.001000	False	771,66
L		1631612263417	00031026	00006326	00000000	00000040	00000741	00000004	-64.419000	-155.890000	-83.900000	359.999000	0.001000	True	563,45
L		1631612263417	00031028	00006328	00000000	00000040	00000745	00000004	-64.359000	-155.890000	-83.900000	359.999000	0.001000	False	2160,03
L		1631612263433	00031030	00006330	00000000	00000040	00000749	00000004	-64.299000	-155.890000	-83.900000	359.999000	0.001000	True	392,68
L		1631612263433	00031032	00006332	00000000	00000040	00000753	00000004	-64.239000	-155.890000	-83.900000	359.999000	0.001000	False	1807,9
L		1631612263433	00031034	00006334	00000000	00000040	00000757	00000004	-64.178000	-155.890000	-83.900000	359.999000	0.001000	True	1133,58
L		1631612263433	00031036	00006336	00000000	00000040	00000761	00000004	-64.117000	-155.890000	-83.900000	359.999000	0.001000	False	228,81
L		1631612263448	00031038	00006338	00000000	00000040	00000765	00000004	-64.055000	-155.890000	-83.900000	359.999000	0.001000	False	2436,72
L		1631612263448	00031040	00006340	00000000	00000040	00000769	00000004	-63.993000	-155.890000	-83.900000	359.999000	0.001000	True	718,82
L		1631612263448	00031042	00006342	00000000	00000040	00000773	00000004	-63.931000	-155.890000	-83.900000	359.999000	0.001000	True	2146
L		1631612263448	00031044	00006344	00000000	00000040	00000777	00000004	-63.871000	-155.890000	-83.900000	359.999000	0.001000	False	792,99
L		1631612263464	00031046	00006346	00000000	00000040	00000781	00000004	-63.812000	-155.890000	-83.900000	359.999000	0.001000	True	1373,24
L		1631612263464	00031048	00006348	00000000	00000040	00000785	00000004	-63.753000	-155.890000	-83.900000	359.999000	0.001000	True	1944,86
L		1631612263464	00031050	00006350	00000000	00000040	00000789	00000004	-63.694000	-155.890000	-83.900000	359.999000	0.001000	True	1787,17
L		1631612263480	00031053	00006353	00000000	00000040	00000795	00000006	-63.605000	-155.890000	-83.900000	359.999000	0.001000	True	2114,56
L		1631612263480	00031055	00006355	00000000	00000040	00000799	00000004	-63.546000	-155.890000	-83.900000	359.999000	0.001000	True	231,59
L		1631612263480	00031059	00006359	00000000	00000040	00000807	00000008	-63.427000	-155.890000	-83.900000	359.999000	0.001000	True	266,54
L		1631612263495	00031062	00006362	00000000	00000040	00000813	00000006	-63.337000	-155.890000	-83.900000	359.999000	0.001000	True	977,17
L		1631612263495	00031066	00006366	00000000	00000040	00000821	00000008	-63.217000	-155.890000	-83.900000	359.999000	0.001000	True	554,43
L		1631612263511	00031068	00006368	00000000	00000040	00000825	00000004	-63.156000	-155.890000	-83.900000	359.999000	0.001000	True	2803,48
L		1631612263511	00031070	00006370	00000000	00000040	00000829	00000004	-63.096000	-155.890000	-83.900000	359.999000	0.001000	True	1289,91
L		1631612263511	00031072	00006372	00000000	00000040	00000833	00000004	-63.034000	-155.890000	-83.900000	359.999000	0.001000	False	2767,12
L		1631612263511	00031074	00006374	00000000	00000040	00000837	00000004	-62.972000	-155.890000	-83.900000	359.999000	0.001000	False	1343,32
L		1631612263527	00031076	00006376	00000000	00000040	00000841	00000004	-62.910000	-155.890000	-83.900000	359.999000	0.001000	False	1736,99
L		1631612263527	00031078	00006378	00000000	00000040	00000845	00000004	-62.849000	-155.890000	-83.900000	359.999000	0.001000	True	616,14
L		1631612263527	00031080	00006380	00000000	00000040	00000849	00000004	-62.790000	-155.890000	-83.900000	359.999000	0.001000	False	2037,69
L		1631612263527	00031082	00006382	00000000	00000040	00000853	00000004	-62.731000	-155.890000	-83.900000	359.999000	0.001000	True	1469,78
L		1631612263542	00031084	00006384	00000000	00000040	00000857	00000004	-62.672000	-155.890000	-83.900000	359.999000	0.001000	True	1972,25
L		1631612263542	00031086	00006386	00000000	00000040	00000861	00000004	-62.613000	-155.890000	-83.900000	359.999000	0.001000	False	707,22
L		1631612263542	00031088	00006388	00000000	00000040	00000865	00000004	-62.555000	-155.890000	-83.900000	359.999000	0.001000	False	1347,07
L		1631612263542	00031090	00006390	00000000	00000040	00000869	00000004	-62.496000	-155.890000	-83.900000	359.999000	0.001000	True	2386,92
L		1631612263558	00031092	00006392	00000000	00000040	00000873	00000004	-62.437000	-155.890000	-83.900000	359.999000	0.001000	False	899,49
L		1631612263558	00031094	00006394	00000000	00000040	00000877	00000004	-62.377000	-155.890000	-83.900000	359.999000	0.001000	True	983,38
L		1631612263558	00031096	00006396	00000000	00000040	00000881	00000004	-62.317000	-155.890000	-83.900000	359.999000	0.001000	False	252,37
L		1631612263558	00031098	00006398	00000000	00000040	00000885	00000004	-62.257000	-155.890000	-83.900000	359.999000	0.001000	False	1633,73