Status 	WindowsMs 		ProgGlob 	ProgLow 	ProgHi  	Sec     	Ms      	MsDiff  	X_Pos_J1	Y_Pos_J2	Z_Pos_J3	C_RotPos_J4	A_TiltPos_J5	LaseOn	PowerFeedback
L		1631612263573	00031100	00006400	00000000	00000040	00000889	00000004	-62.197000	-155.890000	-83.900000	359.999000	0.001000	False	201,48
L		1631612263573	00031102	00006402	00000000	00000040	00000893	00000004	-62.138000	-155.890000	-83.900000	359.999000	0.001000	False	1305,74
L		1631612263573	00031104	00006404	00000000	00000040	00000897	00000004	-62.081000	-155.890000	-83.900000	359.999000	0.001000	True	960,71
L		1631612263573	00031106	00006406	00000000	00000040	00000901	00000004	-62.028000	-155.890000	-83.900000	359.999000	0.001000	True	1233,19
L		1631612263589	00031108	00006408	00000000	00000040	00000905	00000004	-61.977000	-155.890000	-83.900000	359.999000	0.001000	True	2634,21
L		1631612263589	00031110	00006410	00000000	00000040	00000909	00000004	-61.931000	-155.890000	-83.900000	359.999000	0.001000	True	2736,27
L		1631612263589	00031113	00006413	00000000	00000040	00000915	00000006	-61.872000	-155.890000	-83.900000	359.999000	0.001000	True	433,05
L		1631612263605	00031115	00006415	00000000	00000040	00000919	00000004	-61.840000	-155.890000	-83.900000	359.999000	0.001000	True	2409,72
L		1631612263605	00031117	00006417	00000000	00000040	00000923	00000004	-61.814000	-155.890000	-83.900000	359.999000	0.001000	False	656,64
L		1631612263605	00031119	00006419	00000000	00000040	00000927	00000004	-61.793000	-155.890000	-83.900000	359.999000	0.001000	False	2090,36
L		1631612263620	00031123	00006423	00000000	00000040	00000935	00000008	-61.768000	-155.890000	-83.900000	359.999000	0.001000	True	81,88
L		1631612263620	00031125	00006425	00000000	00000040	00000939	00000004	-61.763000	-155.890000	-83.900000	359.999000	0.001000	True	113,82
L		1631612263620	00031127	00006427	00000000	00000040	00000943	00000004	-61.763000	-155.890000	-83.900000	359.999000	0.001000	True	1484,89
L		1631612263620	00031129	00006429	00000000	00000040	00000947	00000004	-61.766000	-155.890000	-83.900000	359.999000	0.001000	True	1790,48
L		1631612263636	00031131	00006431	00000000	00000040	00000951	00000004	-61.771000	-155.890000	-83.900000	359.999000	0.001000	False	2598,25
L		1631612263636	00031133	00006433	00000000	00000040	00000955	00000004	-61.779000	-155.890000	-83.900000	359.999000	0.001000	False	416,97
L		1631612263636	00031135	00006435	00000000	00000040	00000959	00000004	-61.786000	-155.890000	-83.900000	359.999000	0.001000	False	2959,36
L		1631612263636	00031137	00006437	00000000	00000040	00000963	00000004	-61.793000	-155.890000	-83.900000	359.999000	0.001000	True	433,07
L		1631612263652	00031139	00006439	00000000	00000040	00000967	00000004	-61.798000	-155.880000	-83.900000	359.999000	0.001000	False	2690,38
L		1631612263652	00031141	00006441	00000000	00000040	00000971	00000004	-61.803000	-155.880000	-83.900000	359.999000	0.001000	False	411,51
L		1631612263652	00031143	00006443	00000000	00000040	00000975	00000004	-61.807000	-155.880000	-83.900000	359.999000	0.001000	True	2074,36
L		1631612263652	00031145	00006445	00000000	00000040	00000979	00000004	-61.810000	-155.880000	-83.900000	359.999000	0.001000	False	487,91
L		1631612263667	00031147	00006447	00000000	00000040	00000983	00000004	-61.811000	-155.880000	-83.900000	359.999000	0.001000	False	1486,69
L		1631612263667	00031149	00006449	00000000	00000040	00000987	00000004	-61.812000	-155.880000	-83.900000	359.999000	0.001000	False	2446,64
L		1631612263667	00031151	00006451	00000000	00000040	00000991	00000004	-61.812000	-155.880000	-83.900000	359.999000	0.001000	False	1486,96
L		1631612263667	00031153	00006453	00000000	00000040	00000995	00000004	-61.813000	-155.880000	-83.900000	359.999000	0.001000	True	1886,72
L		1631612263683	00031155	00006455	00000000	00000040	00000999	00000004	-61.813000	-155.880000	-83.900000	359.999000	0.001000	True	612,04
L		1631612263683	00031157	00006457	00000000	00000041	00000003	00000004	-61.813000	-155.880000	-83.900000	359.999000	0.001000	True	2101,92
L		1631612263683	00031160	00006460	00000000	00000041	00000009	00000006	-61.813000	-155.880000	-83.900000	359.999000	0.001000	False	2680,29
L		1631612263698	00031162	00006462	00000000	00000041	00000013	00000004	-61.813000	-155.880000	-83.900000	359.999000	0.001000	False	325,5
L		1631612263698	00031164	00006464	00000000	00000041	00000017	00000004	-61.814000	-155.880000	-83.900000	359.999000	0.001000	False	2848,73
L		1631612263698	00031166	00006466	00000000	00000041	00000021	00000004	-61.814000	-155.880000	-83.900000	359.999000	0.001000	False	1729,54
L		1631612263698	00031168	00006468	00000000	00000041	00000025	00000004	-61.815000	-155.870000	-83.900000	359.999000	0.001000	True	1394,75
L		1631612263714	00031170	00006470	00000000	00000041	00000029	00000004	-61.816000	-155.850000	-83.900000	359.999000	-0.000200	True	770,91
L		1631612263714	00031173	00006473	00000000	00000041	00000035	00000006	-61.817000	-155.820000	-83.900000	359.999000	-0.000200	True	1583,13
L		1631612263714	00031177	00006477	00000000	00000041	00000043	00000008	-61.819000	-155.750000	-83.900000	359.999000	-0.000200	False	81,27
L		1631612263730	00031179	00006479	00000000	00000041	00000047	00000004	-61.819000	-155.710000	-83.900000	359.999000	-0.000200	True	2018,99
L		1631612263730	00031181	00006481	00000000	00000041	00000051	00000004	-61.819000	-155.670000	-83.900000	359.999000	-0.000200	True	2131,45
L		1631612263730	00031183	00006483	00000000	00000041	00000055	00000004	-61.819000	-155.630000	-83.900000	359.999000	-0.000200	True	480,6
L		1631612263730	00031185	00006485	00000000	00000041	00000059	00000004	-61.819000	-155.590000	-83.900000	359.999000	-0.000200	False	630,03
L		1631612263745	00031187	00006487	00000000	00000041	00000063	00000004	-61.819000	-155.550000	-83.900000	359.999000	-0.000200	False	2499,78
L		1631612263745	00031189	00006489	00000000	00000041	00000067	00000004	-61.819000	-155.500000	-83.900000	359.999000	-0.000100	False	919,67
L		1631612263745	00031191	00006491	00000000	00000041	00000071	00000004	-61.819000	-155.460000	-83.900000	359.999000	0.001000	True	449,43
L		1631612263761	00031193	00006493	00000000	00000041	00000075	00000004	-61.819000	-155.430000	-83.900000	359.999000	0.001000	False	1958,75
L		1631612263761	00031195	00006495	00000000	00000041	00000079	00000004	-61.820000	-155.400000	-83.900000	359.999000	0.001000	False	2866,61
L		1631612263761	00031197	00006497	00000000	00000041	00000083	00000004	-61.820000	-155.380000	-83.900000	359.999000	0.000150	True	99,48
L		1631612263761	00031199	00006499	00000000	00000041	00000087	00000004	-61.821000	-155.360000	-83.900000	359.999000	0.000140	False	2870,09
L		1631612263776	00031201	00006501	00000000	00000041	00000091	00000004	-61.821000	-155.350000	-83.900000	359.999000	0.000140	True	1020,5
L		1631612263776	00031203	00006503	00000000	00000041	00000095	00000004	-61.822000	-155.350000	-83.900000	359.999000	0.000130	False	1186,08
L		1631612263776	00031205	00006505	00000000	00000041	00000099	00000004	-61.822000	-155.340000	-83.900000	359.999000	0.000110	False	1676,81
L		1631612263776	00031207	00006507	00000000	00000041	00000103	00000004	-61.823000	-155.340000	-83.900000	359.999000	0.000110	True	1421,94
L		1631612263792	00031209	00006509	00000000	00000041	00000107	00000004	-61.823000	-155.340000	-83.900000	359.999000	0.000100	True	836,35
L		1631612263792	00031211	00006511	00000000	00000041	00000111	00000004	-61.824000	-155.340000	-83.900000	359.999000	0.001000	True	1666,64
L		1631612263792	00031213	00006513	00000000	00000041	00000115	00000004	-61.824000	-155.350000	-83.900000	359.999000	0.001000	True	2339,06
L		1631612263792	00031215	00006515	00000000	00000041	00000119	00000004	-61.825000	-155.350000	-83.900000	359.999000	0.001000	False	1832,66
L		1631612263808	00031218	00006518	00000000	00000041	00000125	00000006	-61.825000	-155.350000	-83.900000	359.999000	0.001000	True	2288,57
L		1631612263808	00031220	00006520	00000000	00000041	00000129	00000004	-61.825000	-155.360000	-83.900000	359.999000	0.001000	False	2095,18
L		1631612263808	00031223	00006523	00000000	00000041	00000135	00000006	-61.825000	-155.360000	-83.900000	359.999000	0.001000	True	50,71
L		1631612263823	00031226	00006526	00000000	00000041	00000141	00000006	-61.826000	-155.360000	-83.900000	359.999000	0.001000	False	1443,07
L		1631612263823	00031229	00006529	00000000	00000041	00000147	00000006	-61.826000	-155.350000	-83.900000	359.999000	0.001000	True	384,82
L		1631612263823	00031231	00006531	00000000	00000041	00000151	00000004	-61.826000	-155.350000	-83.900000	359.999000	0.001000	False	1742,92
L		1631612263839	00031233	00006533	00000000	00000041	00000155	00000004	-61.826000	-155.340000	-83.900000	359.999000	0.001000	True	2134,1
L		1631612263839	00031236	00006536	00000000	00000041	00000161	00000006	-61.827000	-155.340000	-83.900000	359.999000	0.001000	True	66,66
L		1631612263839	00031239	00006539	00000000	00000041	00000167	00000006	-61.828000	-155.340000	-83.900000	359.999000	0.001000	False	1127,14
L		1631612263855	00031241	00006541	00000000	00000041	00000171	00000004	-61.830000	-155.340000	-83.900000	359.999000	0.001000	True	736,82
L		1631612263855	00031243	00006543	00000000	00000041	00000175	00000004	-61.833000	-155.340000	-83.900000	359.999000	0.001000	False	2516,38
L		1631612263855	00031245	00006545	00000000	00000041	00000179	00000004	-61.838000	-155.340000	-83.900000	359.999000	0.001000	True	1901,66
L		1631612263855	00031247	00006547	00000000	00000041	00000183	00000004	-61.845000	-155.340000	-83.900000	359.999000	0.001000	False	1406,29
L		1631612263870	00031249	00006549	00000000	00000041	00000187	00000004	-61.855000	-155.350000	-83.900000	359.999000	0.001000	True	2070,84
L		1631612263870	00031251	00006551	00000000	00000041	00000191	00000004	-61.870000	-155.350000	-83.900000	359.999000	0.001000	False	2719,88
L		1631612263870	00031253	00006553	00000000	00000041	00000195	00000004	-61.889000	-155.350000	-83.900000	359.999000	0.001000	False	256,04
L		1631612263870	00031255	00006555	00000000	00000041	00000199	00000004	-61.914000	-155.350000	-83.900000	359.999000	0.001000	False	698,78
L		1631612263886	00031257	00006557	00000000	00000041	00000203	00000004	-61.944000	-155.350000	-83.900000	359.999000	0.001000	True	1911,54
L		1631612263886	00031259	00006559	00000000	00000041	00000207	00000004	-61.980000	-155.350000	-83.900000	359.999000	0.001000	True	1406,17
L		1631612263886	00031261	00006561	00000000	00000041	00000211	00000004	-62.023000	-155.350000	-83.900000	359.999000	0.001000	False	1346,51
L		1631612263886	00031263	00006563	00000000	00000041	00000215	00000004	-62.071000	-155.350000	-83.900000	359.999000	0.001000	True	1804,74
L		1631612263901	00031265	00006565	00000000	00000041	00000219	00000004	-62.126000	-155.350000	-83.900000	359.999000	0.001000	True	2805,03
L		1631612263901	00031267	00006567	00000000	00000041	00000223	00000004	-62.187000	-155.350000	-83.900000	359.999000	0.001000	False	2578,28
L		1631612263901	00031269	00006569	00000000	00000041	00000227	00000004	-62.252000	-155.350000	-83.900000	359.999000	0.001000	False	1848,02
L		1631612263917	00031271	00006571	00000000	00000041	00000231	00000004	-62.322000	-155.340000	-83.900000	359.999000	0.001000	False	1790,35
L		1631612263917	00031273	00006573	00000000	00000041	00000235	00000004	-62.396000	-155.340000	-83.900000	359.999000	0.001000	True	298,53
L		1631612263917	00031275	00006575	00000000	00000041	00000239	00000004	-62.472000	-155.340000	-83.900000	359.999000	0.001000	True	1654,09
L		1631612263917	00031278	00006578	00000000	00000041	00000245	00000006	-62.588000	-155.340000	-83.900000	359.999000	0.001000	False	2419,27
L		1631612263933	00031280	00006580	00000000	00000041	00000249	00000004	-62.665000	-155.340000	-83.900000	359.999000	0.001000	True	736,36
L		1631612263933	00031282	00006582	00000000	00000041	00000253	00000004	-62.741000	-155.340000	-83.900000	359.999000	0.001000	False	2627,17
L		1631612263933	00031284	00006584	00000000	00000041	00000257	00000004	-62.816000	-155.350000	-83.900000	359.999000	0.001000	True	1406,89
L		1631612263933	00031286	00006586	00000000	00000041	00000261	00000004	-62.889000	-155.350000	-83.900000	359.999000	0.001000	False	1159,33
L		1631612263948	00031288	00006588	00000000	00000041	00000265	00000004	-62.961000	-155.350000	-83.900000	359.999000	0.001000	True	2079,79
L		1631612263948	00031291	00006591	00000000	00000041	00000271	00000006	-63.064000	-155.350000	-83.900000	359.999000	0.001000	True	1076,88
L		1631612263948	00031293	00006593	00000000	00000041	00000275	00000004	-63.129000	-155.350000	-83.900000	359.999000	0.001000	True	2007,68
L		1631612263964	00031297	00006597	00000000	00000041	00000283	00000008	-63.250000	-155.350000	-83.900000	359.999000	0.001000	False	1709,94
L		1631612263964	00031299	00006599	00000000	00000041	00000287	00000004	-63.306000	-155.350000	-83.900000	359.999000	0.001000	False	2811,45
L		1631612263964	00031302	00006602	00000000	00000041	00000293	00000006	-63.391000	-155.350000	-83.900000	359.999000	0.001000	False	615,1
L		1631612263964	00031297	00006597	00000000	00000041	00000283	00000008	-63.250000	-155.350000	-83.900000	359.999000	0.001000	False	1709,94
L		1631612263964	00031299	00006599	00000000	00000041	00000287	00000004	-63.306000	-155.350000	-83.900000	359.999000	0.001000	False	2811,45
L		1631612263964	00031302	00006602	00000000	00000041	00000293	00000006	-63.391000	-155.350000	-83.900000	359.999000	0.001000	False	615,1
L		1631612263980	00031304	00006604	00000000	00000041	00000297	00000004	-63.452000	-155.350000	-83.900000	359.999000	0.001000	False	1021,91
L		1631612263980	00031306	00006606	00000000	00000041	00000301	00000004	-63.513000	-155.350000	-83.900000	359.999000	0.001000	False	266,74
L		1631612263980	00031308	00006608	00000000	00000041	00000305	00000004	-63.575000	-155.350000	-83.900000	359.999000	0.001000	True	205,83
L		1631612263980	00031310	00006610	00000000	00000041	00000309	00000004	-63.636000	-155.350000	-83.900000	359.999000	0.001000	True	808,5
L		1631612263995	00031312	00006612	00000000	00000041	00000313	00000004	-63.697000	-155.350000	-83.900000	359.999000	0.001000	True	2261,41
L		1631612263995	00031314	00006614	00000000	00000041	00000317	00000004	-63.758000	-155.340000	-83.900000	359.999000	0.001000	True	1449,93
L		1631612263995	00031316	00006616	00000000	00000041	00000321	00000004	-63.820000	-155.340000	-83.900000	359.999000	0.001000	True	2047,88
L		1631612264011	00031318	00006618	00000000	00000041	00000325	00000004	-63.881000	-155.340000	-83.900000	359.999000	0.001000	False	261,28
L		1631612264011	00031320	00006620	00000000	00000041	00000329	00000004	-63.941000	-155.340000	-83.900000	359.999000	0.001000	True	2745,65
L		1631612264011	00031322	00006622	00000000	00000041	00000333	00000004	-64.001000	-155.350000	-83.900000	359.999000	0.001000	False	2672,07
L		1631612264011	00031324	00006624	00000000	00000041	00000337	00000004	-64.061000	-155.350000	-83.900000	359.999000	0.001000	False	2683,73
L		1631612264026	00031326	00006626	00000000	00000041	00000341	00000004	-64.120000	-155.350000	-83.900000	359.999000	0.001000	True	797,37
L		1631612264026	00031328	00006628	00000000	00000041	00000345	00000004	-64.179000	-155.350000	-83.900000	359.999000	0.001000	True	2105,6
L		1631612264026	00031330	00006630	00000000	00000041	00000349	00000004	-64.239000	-155.350000	-83.900000	359.999000	0.001000	True	1445,65
L		1631612264026	00031332	00006632	00000000	00000041	00000353	00000004	-64.299000	-155.350000	-83.900000	359.999000	0.001000	False	376,79
L		1631612264042	00031334	00006634	00000000	00000041	00000357	00000004	-64.359000	-155.350000	-83.900000	359.999000	0.001000	True	1905,85
L		1631612264042	00031336	00006636	00000000	00000041	00000361	00000004	-64.421000	-155.350000	-83.900000	359.999000	0.001000	True	2333,92
L		1631612264042	00031338	00006638	00000000	00000041	00000365	00000004	-64.483000	-155.350000	-83.900000	359.999000	0.001000	True	975,91
L		1631612264042	00031340	00006640	00000000	00000041	00000369	00000004	-64.544000	-155.350000	-83.900000	359.999000	0.001000	True	2519,61
L		1631612264058	00031342	00006642	00000000	00000041	00000373	00000004	-64.606000	-155.350000	-83.900000	359.999000	0.001000	True	1327,21
L		1631612264058	00031344	00006644	00000000	00000041	00000377	00000004	-64.666000	-155.340000	-83.900000	359.999000	0.001000	False	1571,91
L		1631612264058	00031347	00006647	00000000	00000041	00000383	00000006	-64.757000	-155.340000	-83.900000	359.999000	0.001000	False	2099,66
L		1631612264058	00031349	00006649	00000000	00000041	00000387	00000004	-64.818000	-155.340000	-83.900000	359.999000	0.001000	False	725,16
L		1631612264073	00031352	00006652	00000000	00000041	00000393	00000006	-64.909000	-155.350000	-83.900000	359.999000	0.001000	False	2155,25
L		1631612264073	00031355	00006655	00000000	00000041	00000399	00000006	-64.999000	-155.350000	-83.900000	359.999000	0.001000	True	2343,92
L		1631612264089	00031358	00006658	00000000	00000041	00000405	00000006	-65.089000	-155.350000	-83.900000	359.999000	0.001000	False	2544,86
L		1631612264089	00031360	00006660	00000000	00000041	00000409	00000004	-65.148000	-155.350000	-83.900000	359.999000	0.001000	False	521,97
L		1631612264089	00031363	00006663	00000000	00000041	00000415	00000006	-65.237000	-155.350000	-83.900000	359.999000	0.001000	True	2525,78
L		1631612264105	00031365	00006665	00000000	00000041	00000419	00000004	-65.297000	-155.350000	-83.900000	359.999000	0.001000	False	1763,31
L		1631612264105	00031367	00006667	00000000	00000041	00000423	00000004	-65.358000	-155.350000	-83.900000	359.999000	0.001000	False	2654,4
L		1631612264105	00031370	00006670	00000000	00000041	00000429	00000006	-65.449000	-155.350000	-83.900000	359.999000	0.001000	False	708,06
L		1631612264105	00031372	00006672	00000000	00000041	00000433	00000004	-65.511000	-155.350000	-83.900000	359.999000	0.001000	True	792,56
L		1631612264120	00031374	00006674	00000000	00000041	00000437	00000004	-65.572000	-155.350000	-83.900000	359.999000	0.001000	True	169,09
L		1631612264120	00031376	00006676	00000000	00000041	00000441	00000004	-65.634000	-155.340000	-83.900000	359.999000	0.001000	False	1952,03
L		1631612264120	00031378	00006678	00000000	00000041	00000445	00000004	-65.696000	-155.340000	-83.900000	359.999000	0.001000	True	2474
L		1631612264120	00031380	00006680	00000000	00000041	00000449	00000004	-65.757000	-155.340000	-83.900000	359.999000	0.001000	True	2636,4
L		1631612264136	00031382	00006682	00000000	00000041	00000453	00000004	-65.818000	-155.340000	-83.900000	359.999000	0.001000	True	2022,44
L		1631612264136	00031384	00006684	00000000	00000041	00000457	00000004	-65.878000	-155.350000	-83.900000	359.999000	0.001000	False	1388,6
L		1631612264136	00031386	00006686	00000000	00000041	00000461	00000004	-65.938000	-155.350000	-83.900000	359.999000	0.001000	False	2880,5
L		1631612264136	00031388	00006688	00000000	00000041	00000465	00000004	-65.997000	-155.350000	-83.900000	359.999000	0.001000	True	214,22
L		1631612264151	00031390	00006690	00000000	00000041	00000469	00000004	-66.056000	-155.350000	-83.900000	359.999000	0.001000	False	2025,82
L		1631612264151	00031392	00006692	00000000	00000041	00000473	00000004	-66.115000	-155.350000	-83.900000	359.999000	0.001000	False	377,41
L		1631612264151	00031394	00006694	00000000	00000041	00000477	00000004	-66.175000	-155.350000	-83.900000	359.999000	0.001000	True	1999,36
L		1631612264167	00031396	00006696	00000000	00000041	00000481	00000004	-66.235000	-155.350000	-83.900000	359.999000	0.001000	False	1474,26
L		1631612264167	00031398	00006698	00000000	00000041	00000485	00000004	-66.295000	-155.350000	-83.900000	359.999000	0.001000	True	1220,16
L		1631612264167	00031401	00006701	00000000	00000041	00000489	00000004	-66.386000	-155.350000	-83.900000	359.999000	0.001000	True	2948,57
L		1631612264167	00031403	00006703	00000000	00000041	00000495	00000006	-66.447000	-155.350000	-83.900000	359.999000	0.001000	False	1748,96
L		1631612264167	00031396	00006696	00000000	00000041	00000481	00000004	-66.235000	-155.350000	-83.900000	359.999000	0.001000	False	1474,26
L		1631612264167	00031398	00006698	00000000	00000041	00000485	00000004	-66.295000	-155.350000	-83.900000	359.999000	0.001000	True	1220,16
L		1631612264167	00031401	00006701	00000000	00000041	00000489	00000004	-66.386000	-155.350000	-83.900000	359.999000	0.001000	True	2948,57
L		1631612264167	00031403	00006703	00000000	00000041	00000495	00000006	-66.447000	-155.350000	-83.900000	359.999000	0.001000	False	1748,96
L		1631612264183	00031405	00006705	00000000	00000041	00000499	00000004	-66.509000	-155.350000	-83.900000	359.999000	0.001000	False	2081,31
L		1631612264183	00031407	00006707	00000000	00000041	00000503	00000004	-66.571000	-155.350000	-83.900000	359.999000	0.001000	False	2733,61
L		1631612264183	00031409	00006709	00000000	00000041	00000507	00000004	-66.632000	-155.350000	-83.900000	359.999000	0.001000	True	371,96
L		1631612264198	00031412	00006712	00000000	00000041	00000513	00000006	-66.724000	-155.350000	-83.900000	359.999000	0.001000	True	1375,08
L		1631612264198	00031415	00006715	00000000	00000041	00000519	00000006	-66.815000	-155.350000	-83.900000	359.999000	0.001000	True	2619,96
L		1631612264198	00031418	00006718	00000000	00000041	00000525	00000006	-66.905000	-155.340000	-83.900000	359.999000	0.001000	True	453,72
L		1631612264214	00031420	00006720	00000000	00000041	00000529	00000004	-66.965000	-155.340000	-83.900000	359.999000	0.001000	True	975,55
L		1631612264214	00031422	00006722	00000000	00000041	00000533	00000004	-67.024000	-155.340000	-83.900000	359.999000	0.001000	False	2802,17
L		1631612264214	00031424	00006724	00000000	00000041	00000537	00000004	-67.083000	-155.350000	-83.900000	359.999000	0.001000	False	2697,45
L		1631612264214	00031427	00006727	00000000	00000041	00000543	00000006	-67.171000	-155.350000	-83.900000	359.999000	0.001000	True	2649,33
L		1631612264230	00031429	00006729	00000000	00000041	00000547	00000004	-67.230000	-155.350000	-83.900000	359.999000	0.001000	True	535,13
L		1631612264230	00031431	00006731	00000000	00000041	00000551	00000004	-67.290000	-155.350000	-83.900000	359.999000	0.001000	True	1245,94
L		1631612264230	00031433	00006733	00000000	00000041	00000555	00000004	-67.349000	-155.350000	-83.900000	359.999000	0.001000	False	2254,03
L		1631612264230	00031435	00006735	00000000	00000041	00000559	00000004	-67.410000	-155.350000	-83.900000	359.999000	0.001000	True	1515,62
L		1631612264245	00031437	00006737	00000000	00000041	00000563	00000004	-67.471000	-155.350000	-83.900000	359.999000	0.001000	True	617,97
L		1631612264245	00031439	00006739	00000000	00000041	00000567	00000004	-67.533000	-155.350000	-83.900000	359.999000	0.001000	True	2137,03
L		1631612264245	00031441	00006741	00000000	00000041	00000571	00000004	-67.595000	-155.350000	-83.900000	359.999000	0.001000	False	129,53
L		1631612264261	00031443	00006743	00000000	00000041	00000575	00000004	-67.657000	-155.350000	-83.900000	359.999000	0.001000	False	1337,59
L		1631612264261	00031445	00006745	00000000	00000041	00000579	00000004	-67.718000	-155.350000	-83.900000	359.999000	0.001000	True	2960,15
L		1631612264261	00031447	00006747	00000000	00000041	00000583	00000004	-67.779000	-155.350000	-83.900000	359.999000	0.001000	True	420,56
L		1631612264261	00031449	00006749	00000000	00000041	00000587	00000004	-67.839000	-155.350000	-83.900000	359.999000	0.001000	False	939,59
L		1631612264276	00031451	00006751	00000000	00000041	00000591	00000004	-67.899000	-155.350000	-83.900000	359.999000	0.001000	True	267,92
L		1631612264276	00031453	00006753	00000000	00000041	00000595	00000004	-67.959000	-155.350000	-83.900000	359.999000	0.001000	False	369,14
L		1631612264276	00031455	00006755	00000000	00000041	00000599	00000004	-68.018000	-155.350000	-83.900000	359.999000	0.001000	True	1468,49
L		1631612264276	00031457	00006757	00000000	00000041	00000603	00000004	-68.075000	-155.340000	-83.900000	359.999000	0.001000	True	1877,17
L		1631612264292	00031459	00006759	00000000	00000041	00000607	00000004	-68.135000	-155.340000	-83.900000	359.999000	0.001000	True	2236,7
L		1631612264292	00031461	00006761	00000000	00000041	00000611	00000004	-68.194000	-155.340000	-83.900000	359.999000	0.001000	True	542,93
L		1631612264292	00031463	00006763	00000000	00000041	00000615	00000004	-68.255000	-155.350000	-83.900000	359.999000	0.001000	True	1767,32
L		1631612264292	00031465	00006765	00000000	00000041	00000619	00000004	-68.315000	-155.350000	-83.900000	359.999000	0.001000	True	2238,8
L		1631612264308	00031467	00006767	00000000	00000041	00000623	00000004	-68.375000	-155.350000	-83.900000	359.999000	0.001000	False	2128,43
L		1631612264308	00031469	00006769	00000000	00000041	00000627	00000004	-68.436000	-155.350000	-83.900000	359.999000	0.001000	False	2755,84
L		1631612264308	00031472	00006772	00000000	00000041	00000633	00000006	-68.529000	-155.350000	-83.900000	359.999000	0.001000	True	235,34
L		1631612264308	00031474	00006774	00000000	00000041	00000637	00000004	-68.590000	-155.350000	-83.900000	359.999000	0.001000	True	1657,48
L		1631612264323	00031476	00006776	00000000	00000041	00000641	00000004	-68.652000	-155.350000	-83.900000	359.999000	0.001000	True	1073,03
L		1631612264323	00031478	00006778	00000000	00000041	00000645	00000004	-68.712000	-155.350000	-83.900000	359.999000	0.001000	True	2301,68
L		1631612264323	00031480	00006780	00000000	00000041	00000649	00000004	-68.774000	-155.350000	-83.900000	359.999000	0.001000	True	408,07
L		1631612264339	00031483	00006783	00000000	00000041	00000655	00000006	-68.866000	-155.350000	-83.900000	359.999000	0.001000	True	1086,42
L		1631612264339	00031485	00006785	00000000	00000041	00000659	00000004	-68.926000	-155.350000	-83.900000	359.999000	0.001000	True	2936,33
L		1631612264339	00031487	00006787	00000000	00000041	00000663	00000004	-68.985000	-155.350000	-83.900000	359.999000	0.001000	False	1088,45
L		1631612264339	00031489	00006789	00000000	00000041	00000667	00000004	-69.044000	-155.350000	-83.900000	359.999000	0.001000	True	136,76
L		1631612264354	00031491	00006791	00000000	00000041	00000671	00000004	-69.102000	-155.350000	-83.900000	359.999000	0.001000	True	2792,74
L		1631612264354	00031493	00006793	00000000	00000041	00000675	00000004	-69.162000	-155.350000	-83.900000	359.999000	0.001000	True	1931,71
L		1631612264354	00031495	00006795	00000000	00000041	00000679	00000004	-69.221000	-155.350000	-83.900000	359.999000	0.001000	False	1839,34
L		1631612264354	00031497	00006797	00000000	00000041	00000683	00000004	-69.282000	-155.350000	-83.900000	359.999000	0.001000	True	2437,41
L		1631612264370	00031499	00006799	00000000	00000041	00000687	00000004	-69.342000	-155.350000	-83.900000	359.999000	0.001000	False	1488,85
L		1631612264370	00031501	00006801	00000000	00000041	00000691	00000004	-69.403000	-155.350000	-83.900000	359.999000	0.001000	False	2201,26
L		1631612264370	00031503	00006803	00000000	00000041	00000695	00000004	-69.465000	-155.350000	-83.900000	359.999000	0.001000	True	2905,8
L		1631612264370	00031505	00006805	00000000	00000041	00000699	00000004	-69.526000	-155.350000	-83.900000	359.999000	0.001000	True	2723,11
L		1631612264386	00031507	00006807	00000000	00000041	00000703	00000004	-69.587000	-155.350000	-83.900000	359.999000	0.001000	False	1473,36
L		1631612264386	00031509	00006809	00000000	00000041	00000707	00000004	-69.649000	-155.350000	-83.900000	359.999000	0.001000	True	1461,62
L		1631612264386	00031511	00006811	00000000	00000041	00000711	00000004	-69.709000	-155.350000	-83.900000	359.999000	0.001000	False	259,95
L		1631612264386	00031513	00006813	00000000	00000041	00000715	00000004	-69.771000	-155.350000	-83.900000	359.999000	0.001000	True	2069,5
L		1631612264401	00031515	00006815	00000000	00000041	00000719	00000004	-69.831000	-155.350000	-83.900000	359.999000	0.001000	False	980,07
L		1631612264401	00031517	00006817	00000000	00000041	00000723	00000004	-69.891000	-155.350000	-83.900000	359.999000	0.001000	True	891,36
L		1631612264401	00031519	00006819	00000000	00000041	00000727	00000004	-69.950000	-155.350000	-83.900000	359.999000	0.001000	False	1472,9
L		1631612264417	00031521	00006821	00000000	00000041	00000731	00000004	-70.010000	-155.350000	-83.900000	359.999000	0.001000	False	172,67
L		1631612264417	00031523	00006823	00000000	00000041	00000735	00000004	-70.069000	-155.350000	-83.900000	359.999000	0.001000	True	2627,15
L		1631612264417	00031526	00006826	00000000	00000041	00000741	00000006	-70.158000	-155.350000	-83.900000	359.999000	0.001000	True	2854,17
L		1631612264417	00031528	00006828	00000000	00000041	00000745	00000004	-70.217000	-155.350000	-83.900000	359.999000	0.001000	False	2170,68
L		1631612264433	00031530	00006830	00000000	00000041	00000749	00000004	-70.277000	-155.350000	-83.900000	359.999000	0.001000	True	240,76
L		1631612264433	00031532	00006832	00000000	00000041	00000753	00000004	-70.337000	-155.350000	-83.900000	359.999000	0.001000	True	1572,17
L		1631612264433	00031534	00006834	00000000	00000041	00000757	00000004	-70.398000	-155.350000	-83.900000	359.999000	0.001000	False	2766,72
L		1631612264433	00031536	00006836	00000000	00000041	00000761	00000004	-70.459000	-155.350000	-83.900000	359.999000	0.001000	False	2697,05
L		1631612264448	00031538	00006838	00000000	00000041	00000765	00000004	-70.520000	-155.350000	-83.900000	359.999000	0.001000	False	1293,61
L		1631612264448	00031540	00006840	00000000	00000041	00000769	00000004	-70.613000	-155.350000	-83.900000	359.999000	0.001000	False	983,46
L		1631612264448	00031543	00006843	00000000	00000041	00000775	00000006	-70.674000	-155.350000	-83.900000	359.999000	0.001000	False	889,27
L		1631612264464	00031545	00006845	00000000	00000041	00000779	00000004	-70.735000	-155.350000	-83.900000	359.999000	0.001000	False	201,42
L		1631612264464	00031548	00006848	00000000	00000041	00000785	00000006	-70.825000	-155.350000	-83.900000	359.999000	0.001000	True	1197,28
L		1631612264464	00031550	00006850	00000000	00000041	00000789	00000004	-70.886000	-155.350000	-83.900000	359.999000	0.001000	False	1611,13
L		1631612264464	00031552	00006852	00000000	00000041	00000793	00000004	-70.946000	-155.350000	-83.900000	359.999000	0.001000	True	1785,95
L		1631612264479	00031554	00006854	00000000	00000041	00000797	00000004	-71.005000	-155.350000	-83.900000	359.999000	0.001000	True	2804,09
L		1631612264479	00031556	00006856	00000000	00000041	00000801	00000004	-71.063000	-155.350000	-83.900000	359.999000	0.001000	False	783,59
L		1631612264479	00031558	00006858	00000000	00000041	00000805	00000004	-71.122000	-155.350000	-83.900000	359.999000	0.001000	True	439,98
L		1631612264479	00031560	00006860	00000000	00000041	00000809	00000004	-71.182000	-155.350000	-83.900000	359.999000	0.001000	True	1105,29
L		1631612264495	00031562	00006862	00000000	00000041	00000813	00000004	-71.241000	-155.350000	-83.900000	359.999000	0.001000	False	1455,67
L		1631612264495	00031564	00006864	00000000	00000041	00000817	00000004	-71.301000	-155.350000	-83.900000	359.999000	0.001000	False	1202,7
L		1631612264495	00031566	00006866	00000000	00000041	00000821	00000004	-71.361000	-155.350000	-83.900000	359.999000	0.001000	True	1483,24
L		1631612264511	00031568	00006868	00000000	00000041	00000825	00000004	-71.422000	-155.350000	-83.900000	359.999000	0.001000	False	1323,57
L		1631612264511	00031570	00006870	00000000	00000041	00000829	00000004	-71.484000	-155.350000	-83.900000	359.999000	0.001000	True	982,4
L		1631612264511	00031572	00006872	00000000	00000041	00000833	00000004	-71.545000	-155.350000	-83.900000	359.999000	0.001000	False	818
L		1631612264511	00031574	00006874	00000000	00000041	00000837	00000004	-71.606000	-155.350000	-83.900000	359.999000	0.001000	True	279,88
L		1631612264526	00031576	00006876	00000000	00000041	00000841	00000004	-71.667000	-155.350000	-83.900000	359.999000	0.001000	True	2389,09
L		1631612264526	00031578	00006878	00000000	00000041	00000845	00000004	-71.727000	-155.350000	-83.900000	359.999000	0.001000	True	2051,62
L		1631612264526	00031580	00006880	00000000	00000041	00000849	00000004	-71.789000	-155.350000	-83.900000	359.999000	0.001000	True	910,52
L		1631612264526	00031582	00006882	00000000	00000041	00000853	00000004	-71.849000	-155.350000	-83.900000	359.999000	0.001000	False	10,11
L		1631612264542	00031584	00006884	00000000	00000041	00000857	00000004	-71.909000	-155.350000	-83.900000	359.999000	0.001000	True	1000,27
L		1631612264542	00031587	00006887	00000000	00000041	00000863	00000006	-71.998000	-155.350000	-83.900000	359.999000	0.001000	True	2219,56
L		1631612264542	00031590	00006890	00000000	00000041	00000869	00000006	-72.087000	-155.350000	-83.900000	359.999000	0.001000	False	1694,13
L		1631612264558	00031592	00006892	00000000	00000041	00000873	00000004	-72.146000	-155.350000	-83.900000	359.999000	0.001000	False	1569,14
L		1631612264558	00031594	00006894	00000000	00000041	00000877	00000004	-72.203000	-155.350000	-83.900000	359.999000	0.001000	True	1785,23
L		1631612264558	00031596	00006896	00000000	00000041	00000881	00000004	-72.263000	-155.350000	-83.900000	359.999000	0.001000	True	2106,54
L		1631612264558	00031598	00006898	00000000	00000041	00000885	00000004	-72.322000	-155.350000	-83.900000	359.999000	0.001000	False	1857,1