Status 	WindowsMs 		ProgGlob 	ProgLow 	ProgHi  	Sec     	Ms      	MsDiff  	X_Pos_J1	Y_Pos_J2	Z_Pos_J3	C_RotPos_J4	A_TiltPos_J5	LaseOn	PowerFeedback
L		1631612265574	00032100	00007400	00000000	00000042	00000889	00000004	-70.626000	-154.850000	-83.900000	359.999000	0.001000	True	2314,43
L		1631612265574	00032102	00007402	00000000	00000042	00000893	00000004	-70.566000	-154.850000	-83.900000	359.999000	0.001000	False	2782,62
L		1631612265574	00032104	00007404	00000000	00000042	00000897	00000004	-70.508000	-154.850000	-83.900000	359.999000	0.001000	False	2829,87
L		1631612265574	00032106	00007406	00000000	00000042	00000901	00000004	-70.447000	-154.850000	-83.900000	359.999000	0.001000	False	1959,5
L		1631612265590	00032108	00007408	00000000	00000042	00000905	00000004	-70.388000	-154.850000	-83.900000	359.999000	0.001000	False	2970,11
L		1631612265590	00032111	00007411	00000000	00000042	00000911	00000006	-70.297000	-154.850000	-83.900000	359.999000	0.001000	True	1356,8
L		1631612265590	00032113	00007413	00000000	00000042	00000915	00000004	-70.237000	-154.850000	-83.900000	359.999000	0.001000	True	567,78
L		1631612265590	00032115	00007415	00000000	00000042	00000919	00000004	-70.176000	-154.850000	-83.900000	359.999000	0.001000	False	1557,83
L		1631612265605	00032117	00007417	00000000	00000042	00000923	00000004	-70.114000	-154.850000	-83.900000	359.999000	0.001000	False	1164,4
L		1631612265605	00032119	00007419	00000000	00000042	00000927	00000004	-70.052000	-154.850000	-83.900000	359.999000	0.001000	True	2729,78
L		1631612265605	00032121	00007421	00000000	00000042	00000931	00000004	-69.991000	-154.850000	-83.900000	359.999000	0.001000	True	2220,3
L		1631612265621	00032123	00007423	00000000	00000042	00000935	00000004	-69.930000	-154.850000	-83.900000	359.999000	0.001000	False	1084,71
L		1631612265621	00032125	00007425	00000000	00000042	00000939	00000004	-69.870000	-154.850000	-83.900000	359.999000	0.001000	True	1775,01
L		1631612265621	00032127	00007427	00000000	00000042	00000943	00000004	-69.811000	-154.850000	-83.900000	359.999000	0.001000	True	280,01
L		1631612265621	00032129	00007429	00000000	00000042	00000947	00000004	-69.751000	-154.850000	-83.900000	359.999000	0.001000	False	2098,62
L		1631612265637	00032131	00007431	00000000	00000042	00000951	00000004	-69.691000	-154.850000	-83.900000	359.999000	0.001000	False	1623,58
L		1631612265637	00032133	00007433	00000000	00000042	00000955	00000004	-69.633000	-154.850000	-83.900000	359.999000	0.001000	True	1707,27
L		1631612265637	00032135	00007435	00000000	00000042	00000959	00000004	-69.572000	-154.850000	-83.900000	359.999000	0.001000	True	962,16
L		1631612265637	00032137	00007437	00000000	00000042	00000963	00000004	-69.513000	-154.850000	-83.900000	359.999000	0.001000	True	2069,27
L		1631612265652	00032139	00007439	00000000	00000042	00000967	00000004	-69.453000	-154.850000	-83.900000	359.999000	0.001000	True	478,06
L		1631612265652	00032141	00007441	00000000	00000042	00000971	00000004	-69.392000	-154.850000	-83.900000	359.999000	0.001000	False	151,65
L		1631612265652	00032143	00007443	00000000	00000042	00000975	00000004	-69.331000	-154.850000	-83.900000	359.999000	0.001000	False	1340,44
L		1631612265652	00032145	00007445	00000000	00000042	00000979	00000004	-69.271000	-154.850000	-83.900000	359.999000	0.001000	True	2656,36
L		1631612265668	00032147	00007447	00000000	00000042	00000983	00000004	-69.209000	-154.850000	-83.900000	359.999000	0.001000	True	2247,42
L		1631612265668	00032149	00007449	00000000	00000042	00000987	00000004	-69.148000	-154.850000	-83.900000	359.999000	0.001000	False	1369,5
L		1631612265668	00032151	00007451	00000000	00000042	00000991	00000004	-69.087000	-154.850000	-83.900000	359.999000	0.001000	True	2333,93
L		1631612265668	00032153	00007453	00000000	00000042	00000995	00000004	-69.025000	-154.850000	-83.900000	359.999000	0.001000	True	642,24
L		1631612265683	00032155	00007455	00000000	00000042	00000999	00000004	-68.964000	-154.850000	-83.900000	359.999000	0.001000	True	2912,59
L		1631612265683	00032157	00007457	00000000	00000043	00000003	00000004	-68.904000	-154.850000	-83.900000	359.999000	0.001000	False	2171,22
L		1631612265683	00032159	00007459	00000000	00000043	00000007	00000004	-68.843000	-154.850000	-83.900000	359.999000	0.001000	True	437,04
L		1631612265683	00032161	00007461	00000000	00000043	00000011	00000004	-68.785000	-154.850000	-83.900000	359.999000	0.001000	True	1928,9
L		1631612265699	00032163	00007463	00000000	00000043	00000015	00000004	-68.726000	-154.850000	-83.900000	359.999000	0.001000	False	733,06
L		1631612265699	00032165	00007465	00000000	00000043	00000019	00000004	-68.667000	-154.850000	-83.900000	359.999000	0.001000	True	2440,1
L		1631612265699	00032167	00007467	00000000	00000043	00000023	00000004	-68.608000	-154.850000	-83.900000	359.999000	0.001000	False	2887,66
L		1631612265699	00032169	00007469	00000000	00000043	00000027	00000004	-68.549000	-154.850000	-83.900000	359.999000	0.001000	False	2704,87
L		1631612265716	00032172	00007472	00000000	00000043	00000033	00000006	-68.459000	-154.850000	-83.900000	359.999000	0.001000	True	1603,65
L		1631612265716	00032174	00007474	00000000	00000043	00000037	00000004	-68.400000	-154.850000	-83.900000	359.999000	0.001000	False	218,17
L		1631612265716	00032176	00007476	00000000	00000043	00000041	00000004	-68.340000	-154.850000	-83.900000	359.999000	0.001000	False	607,81
L		1631612265716	00032178	00007478	00000000	00000043	00000045	00000004	-68.279000	-154.850000	-83.900000	359.999000	0.001000	False	1979,37
L		1631612265731	00032180	00007481	00000000	00000043	00000049	00000004	-68.187000	-154.850000	-83.900000	359.999000	0.001000	True	2035,15
L		1631612265731	00032183	00007483	00000000	00000043	00000055	00000006	-68.126000	-154.850000	-83.900000	359.999000	0.001000	True	1954,35
L		1631612265731	00032185	00007485	00000000	00000043	00000059	00000004	-68.063000	-154.850000	-83.900000	359.999000	0.001000	True	938,2
L		1631612265747	00032187	00007487	00000000	00000043	00000063	00000004	-68.001000	-154.850000	-83.900000	359.999000	0.001000	False	252
L		1631612265747	00032189	00007489	00000000	00000043	00000067	00000004	-67.940000	-154.850000	-83.900000	359.999000	0.001000	False	1431,18
L		1631612265747	00032191	00007491	00000000	00000043	00000071	00000004	-67.880000	-154.850000	-83.900000	359.999000	0.001000	False	905,01
L		1631612265747	00032193	00007493	00000000	00000043	00000075	00000004	-67.819000	-154.850000	-83.900000	359.999000	0.001000	True	1919,59
L		1631612265763	00032195	00007495	00000000	00000043	00000079	00000004	-67.761000	-154.850000	-83.900000	359.999000	0.001000	True	1520,9
L		1631612265763	00032198	00007498	00000000	00000043	00000085	00000006	-67.673000	-154.850000	-83.900000	359.999000	0.001000	True	1167,42
L		1631612265763	00032200	00007500	00000000	00000043	00000089	00000004	-67.614000	-154.850000	-83.900000	359.999000	0.001000	False	1782,49
L		1631612265778	00032202	00007502	00000000	00000043	00000093	00000004	-67.555000	-154.850000	-83.900000	359.999000	0.001000	True	1409,3
L		1631612265778	00032204	00007504	00000000	00000043	00000097	00000004	-67.496000	-154.850000	-83.900000	359.999000	0.001000	False	1420,61
L		1631612265778	00032206	00007506	00000000	00000043	00000101	00000004	-67.436000	-154.850000	-83.900000	359.999000	0.001000	False	2604,13
L		1631612265778	00032208	00007508	00000000	00000043	00000105	00000004	-67.376000	-154.850000	-83.900000	359.999000	0.001000	True	485,38
L		1631612265794	00032210	00007510	00000000	00000043	00000109	00000004	-67.315000	-154.850000	-83.900000	359.999000	0.001000	False	1364,98
L		1631612265794	00032213	00007513	00000000	00000043	00000115	00000006	-67.224000	-154.850000	-83.900000	359.999000	0.001000	True	1170,2
L		1631612265794	00032215	00007515	00000000	00000043	00000119	00000004	-67.162000	-154.850000	-83.900000	359.999000	0.001000	False	551,43
L		1631612265794	00032217	00007517	00000000	00000043	00000123	00000004	-67.099000	-154.850000	-83.900000	359.999000	0.001000	True	2592,15
L		1631612265810	00032219	00007519	00000000	00000043	00000127	00000004	-67.039000	-154.850000	-83.900000	359.999000	0.001000	False	209,94
L		1631612265810	00032221	00007521	00000000	00000043	00000131	00000004	-66.977000	-154.850000	-83.900000	359.999000	0.001000	True	2249,79
L		1631612265810	00032223	00007523	00000000	00000043	00000135	00000004	-66.919000	-154.850000	-83.900000	359.999000	0.001000	True	668,38
L		1631612265810	00032225	00007525	00000000	00000043	00000139	00000004	-66.859000	-154.850000	-83.900000	359.999000	0.001000	False	1388,38
L		1631612265825	00032228	00007528	00000000	00000043	00000145	00000006	-66.771000	-154.850000	-83.900000	359.999000	0.001000	False	2381,35
L		1631612265825	00032230	00007530	00000000	00000043	00000149	00000004	-66.712000	-154.850000	-83.900000	359.999000	0.001000	True	2083,61
L		1631612265825	00032232	00007532	00000000	00000043	00000153	00000004	-66.653000	-154.850000	-83.900000	359.999000	0.001000	True	1221,76
L		1631612265841	00032234	00007534	00000000	00000043	00000157	00000004	-66.593000	-154.850000	-83.900000	359.999000	0.001000	True	2002,23
L		1631612265841	00032236	00007536	00000000	00000043	00000161	00000004	-66.535000	-154.850000	-83.900000	359.999000	0.001000	False	1458,45
L		1631612265841	00032238	00007538	00000000	00000043	00000165	00000004	-66.474000	-154.850000	-83.900000	359.999000	0.001000	True	2362,19
L		1631612265841	00032240	00007540	00000000	00000043	00000169	00000004	-66.415000	-154.850000	-83.900000	359.999000	0.001000	False	2582,32
L		1631612265856	00032243	00007543	00000000	00000043	00000175	00000006	-66.325000	-154.850000	-83.900000	359.999000	0.001000	False	1903,06
L		1631612265856	00032245	00007545	00000000	00000043	00000179	00000004	-66.264000	-154.850000	-83.900000	359.999000	0.001000	False	60,4
L		1631612265856	00032247	00007547	00000000	00000043	00000183	00000004	-66.203000	-154.850000	-83.900000	359.999000	0.001000	False	2211,64
L		1631612265872	00032249	00007549	00000000	00000043	00000187	00000004	-66.141000	-154.850000	-83.900000	359.999000	0.001000	True	2295,26
L		1631612265872	00032251	00007551	00000000	00000043	00000191	00000004	-66.078000	-154.850000	-83.900000	359.999000	0.001000	True	1416,12
L		1631612265872	00032253	00007553	00000000	00000043	00000195	00000004	-66.017000	-154.850000	-83.900000	359.999000	0.001000	False	1386,01
L		1631612265872	00032255	00007555	00000000	00000043	00000199	00000004	-65.956000	-154.850000	-83.900000	359.999000	0.001000	True	1640,01
L		1631612265888	00032257	00007557	00000000	00000043	00000203	00000004	-65.896000	-154.850000	-83.900000	359.999000	0.001000	True	1250,06
L		1631612265888	00032259	00007559	00000000	00000043	00000207	00000004	-65.836000	-154.850000	-83.900000	359.999000	0.001000	True	287,88
L		1631612265888	00032261	00007561	00000000	00000043	00000211	00000004	-65.777000	-154.850000	-83.900000	359.999000	0.001000	False	1984,6
L		1631612265888	00032263	00007563	00000000	00000043	00000215	00000004	-65.718000	-154.850000	-83.900000	359.999000	0.001000	True	115,89
L		1631612265903	00032265	00007565	00000000	00000043	00000219	00000004	-65.660000	-154.850000	-83.900000	359.999000	0.001000	True	1818,87
L		1631612265903	00032268	00007568	00000000	00000043	00000225	00000006	-65.572000	-154.850000	-83.900000	359.999000	0.001000	False	1905,7
L		1631612265903	00032270	00007570	00000000	00000043	00000229	00000004	-65.512000	-154.850000	-83.900000	359.999000	0.001000	False	2006,55
L		1631612265919	00032273	00007573	00000000	00000043	00000235	00000006	-65.423000	-154.850000	-83.900000	359.999000	0.001000	True	1749,38
L		1631612265919	00032275	00007575	00000000	00000043	00000239	00000004	-65.363000	-154.850000	-83.900000	359.999000	0.001000	False	2573,72
L		1631612265919	00032277	00007577	00000000	00000043	00000243	00000004	-65.302000	-154.850000	-83.900000	359.999000	0.001000	True	387,98
L		1631612265919	00032279	00007579	00000000	00000043	00000247	00000004	-65.241000	-154.850000	-83.900000	359.999000	0.001000	True	2054,83
L		1631612265934	00032281	00007581	00000000	00000043	00000251	00000004	-65.180000	-154.850000	-83.900000	359.999000	0.001000	False	663,06
L		1631612265934	00032284	00007584	00000000	00000043	00000257	00000006	-65.087000	-154.850000	-83.900000	359.999000	0.001000	False	188,03
L		1631612265934	00032286	00007586	00000000	00000043	00000261	00000004	-65.025000	-154.850000	-83.900000	359.999000	0.001000	True	663,14
L		1631612265950	00032288	00007588	00000000	00000043	00000265	00000004	-64.962000	-154.850000	-83.900000	359.999000	0.001000	True	2857,4
L		1631612265950	00032291	00007591	00000000	00000043	00000271	00000006	-64.873000	-154.850000	-83.900000	359.999000	0.001000	True	2775,67
L		1631612265950	00032293	00007593	00000000	00000043	00000275	00000004	-64.813000	-154.850000	-83.900000	359.999000	0.001000	False	264,39
L		1631612265950	00032295	00007595	00000000	00000043	00000279	00000004	-64.754000	-154.850000	-83.900000	359.999000	0.001000	True	2394,1
L		1631612265966	00032297	00007597	00000000	00000043	00000283	00000004	-64.694000	-154.850000	-83.900000	359.999000	0.001000	False	1271,43
L		1631612265966	00032299	00007599	00000000	00000043	00000287	00000004	-64.637000	-154.850000	-83.900000	359.999000	0.001000	False	213,75
L		1631612265966	00032301	00007601	00000000	00000043	00000291	00000004	-64.578000	-154.850000	-83.900000	359.999000	0.001000	True	2877,41
L		1631612265981	00032303	00007603	00000000	00000043	00000295	00000004	-64.519000	-154.850000	-83.900000	359.999000	0.001000	False	1753,04
L		1631612265981	00032305	00007605	00000000	00000043	00000299	00000004	-64.459000	-154.850000	-83.900000	359.999000	0.001000	True	1755,03
L		1631612265981	00032308	00007608	00000000	00000043	00000305	00000006	-64.370000	-154.850000	-83.900000	359.999000	0.001000	False	1952,05
L		1631612265981	00032310	00007610	00000000	00000043	00000309	00000004	-64.309000	-154.850000	-83.900000	359.999000	0.001000	True	2483,98
L		1631612265997	00032312	00007612	00000000	00000043	00000313	00000004	-64.249000	-154.850000	-83.900000	359.999000	0.001000	False	946,14
L		1631612265997	00032314	00007614	00000000	00000043	00000317	00000004	-64.188000	-154.850000	-83.900000	359.999000	0.001000	True	1698,81
L		1631612265997	00032316	00007616	00000000	00000043	00000321	00000004	-64.126000	-154.850000	-83.900000	359.999000	0.001000	True	1690,87
L		1631612265997	00032318	00007618	00000000	00000043	00000325	00000004	-64.063000	-154.850000	-83.900000	359.999000	0.001000	False	932,15
L		1631612266013	00032320	00007620	00000000	00000043	00000329	00000004	-64.001000	-154.850000	-83.900000	359.999000	0.001000	False	2357,78
L		1631612266013	00032323	00007623	00000000	00000043	00000335	00000006	-63.910000	-154.850000	-83.900000	359.999000	0.001000	True	1335,25
L		1631612266013	00032325	00007625	00000000	00000043	00000339	00000004	-63.850000	-154.850000	-83.900000	359.999000	0.001000	True	2009,4
L		1631612266028	00032327	00007627	00000000	00000043	00000343	00000004	-63.791000	-154.850000	-83.900000	359.999000	0.001000	False	84,21
L		1631612266028	00032329	00007629	00000000	00000043	00000347	00000004	-63.732000	-154.850000	-83.900000	359.999000	0.001000	False	2732,37
L		1631612266028	00032331	00007631	00000000	00000043	00000351	00000004	-63.673000	-154.850000	-83.900000	359.999000	0.001000	True	1668,13
L		1631612266028	00032333	00007633	00000000	00000043	00000355	00000004	-63.614000	-154.850000	-83.900000	359.999000	0.001000	True	1256,88
L		1631612266044	00032335	00007635	00000000	00000043	00000359	00000004	-63.555000	-154.850000	-83.900000	359.999000	0.001000	False	716,23
L		1631612266044	00032338	00007638	00000000	00000043	00000365	00000006	-63.466000	-154.850000	-83.900000	359.999000	0.001000	False	875,43
L		1631612266044	00032340	00007640	00000000	00000043	00000369	00000004	-63.406000	-154.850000	-83.900000	359.999000	0.001000	True	461,03
L		1631612266044	00032342	00007642	00000000	00000043	00000373	00000004	-63.346000	-154.850000	-83.900000	359.999000	0.001000	False	1788,8
L		1631612266059	00032344	00007644	00000000	00000043	00000377	00000004	-63.286000	-154.850000	-83.900000	359.999000	0.001000	True	2013,92
L		1631612266059	00032347	00007647	00000000	00000043	00000383	00000006	-63.196000	-154.850000	-83.900000	359.999000	0.001000	False	2200,2
L		1631612266059	00032349	00007649	00000000	00000043	00000387	00000004	-63.135000	-154.850000	-83.900000	359.999000	0.001000	True	1153,8
L		1631612266075	00032351	00007651	00000000	00000043	00000391	00000004	-63.074000	-154.850000	-83.900000	359.999000	0.001000	False	972,35
L		1631612266075	00032353	00007653	00000000	00000043	00000395	00000004	-63.012000	-154.850000	-83.900000	359.999000	0.001000	False	101,84
L		1631612266075	00032355	00007655	00000000	00000043	00000399	00000004	-62.950000	-154.850000	-83.900000	359.999000	0.001000	False	2467,28
L		1631612266075	00032357	00007657	00000000	00000043	00000403	00000004	-62.888000	-154.850000	-83.900000	359.999000	0.001000	True	994,79
L		1631612266091	00032360	00007660	00000000	00000043	00000409	00000006	-62.799000	-154.850000	-83.900000	359.999000	0.001000	False	2784,87
L		1631612266091	00032362	00007662	00000000	00000043	00000413	00000004	-62.740000	-154.850000	-83.900000	359.999000	0.001000	True	1563,05
L		1631612266091	00032364	00007664	00000000	00000043	00000417	00000004	-62.681000	-154.850000	-83.900000	359.999000	0.001000	True	652,49
L		1631612266106	00032366	00007666	00000000	00000043	00000421	00000004	-62.623000	-154.850000	-83.900000	359.999000	0.001000	False	18,7
L		1631612266106	00032368	00007668	00000000	00000043	00000425	00000004	-62.565000	-154.850000	-83.900000	359.999000	0.001000	True	101,09
L		1631612266106	00032370	00007670	00000000	00000043	00000429	00000004	-62.506000	-154.850000	-83.900000	359.999000	0.001000	True	1167,13
L		1631612266106	00032372	00007672	00000000	00000043	00000433	00000004	-62.447000	-154.850000	-83.900000	359.999000	0.001000	True	275,98
L		1631612266122	00032374	00007674	00000000	00000043	00000437	00000004	-62.387000	-154.850000	-83.900000	359.999000	0.001000	False	547,94
L		1631612266122	00032376	00007676	00000000	00000043	00000441	00000004	-62.327000	-154.850000	-83.900000	359.999000	0.001000	False	2111,14
L		1631612266122	00032378	00007678	00000000	00000043	00000445	00000004	-62.267000	-154.850000	-83.900000	359.999000	0.001000	True	1491,43
L		1631612266122	00032380	00007680	00000000	00000043	00000449	00000004	-62.207000	-154.850000	-83.900000	359.999000	0.001000	True	2540,9
L		1631612266138	00032383	00007683	00000000	00000043	00000455	00000006	-62.118000	-154.850000	-83.900000	359.999000	0.001000	False	2767,7
L		1631612266138	00032385	00007685	00000000	00000043	00000459	00000004	-62.063000	-154.850000	-83.900000	359.999000	0.001000	True	2101,32
L		1631612266138	00032388	00007688	00000000	00000043	00000465	00000006	-61.986000	-154.850000	-83.900000	359.999000	0.001000	True	1798,37
L		1631612266153	00032390	00007690	00000000	00000043	00000469	00000004	-61.940000	-154.850000	-83.900000	359.999000	0.001000	True	648,19
L		1631612266153	00032392	00007692	00000000	00000043	00000473	00000004	-61.899000	-154.850000	-83.900000	359.999000	0.001000	True	2418,87
L		1631612266153	00032394	00007694	00000000	00000043	00000477	00000004	-61.864000	-154.850000	-83.900000	359.999000	0.001000	False	1762,55
L		1631612266153	00032396	00007696	00000000	00000043	00000481	00000004	-61.835000	-154.850000	-83.900000	359.999000	0.001000	True	19,18
L		1631612266169	00032398	00007698	00000000	00000043	00000485	00000004	-61.811000	-154.850000	-83.900000	359.999000	0.001000	False	455,52
L		1631612266169	00032400	00007700	00000000	00000043	00000489	00000004	-61.793000	-154.850000	-83.900000	359.999000	0.001000	True	2810,05
L		1631612266169	00032402	00007702	00000000	00000043	00000493	00000004	-61.780000	-154.850000	-83.900000	359.999000	0.001000	False	954,45
L		1631612266169	00032404	00007704	00000000	00000043	00000497	00000004	-61.773000	-154.850000	-83.900000	359.999000	0.001000	True	2329,02
L		1631612266184	00032407	00007707	00000000	00000043	00000503	00000006	-61.771000	-154.850000	-83.900000	359.999000	0.001000	True	2802,46
L		1631612266184	00032409	00007709	00000000	00000043	00000507	00000004	-61.774000	-154.850000	-83.900000	359.999000	0.001000	False	2043,68
L		1631612266184	00032411	00007711	00000000	00000043	00000511	00000004	-61.780000	-154.850000	-83.900000	359.999000	0.001000	True	1829,28
L		1631612266200	00032413	00007713	00000000	00000043	00000515	00000004	-61.788000	-154.850000	-83.900000	359.999000	0.001000	False	1246,98
L		1631612266200	00032416	00007716	00000000	00000043	00000521	00000006	-61.798000	-154.850000	-83.900000	359.999000	0.001000	True	35,97
L		1631612266200	00032418	00007718	00000000	00000043	00000525	00000004	-61.804000	-154.850000	-83.900000	359.999000	0.001000	False	2654,23
L		1631612266200	00032420	00007720	00000000	00000043	00000529	00000004	-61.809000	-154.850000	-83.900000	359.999000	0.001000	True	1678
L		1631612266216	00032422	00007722	00000000	00000043	00000533	00000004	-61.814000	-154.850000	-83.900000	359.999000	0.001000	False	2932,8
L		1631612266216	00032424	00007724	00000000	00000043	00000537	00000004	-61.817000	-154.850000	-83.900000	359.999000	0.001000	False	722,14
L		1631612266216	00032426	00007726	00000000	00000043	00000541	00000004	-61.819000	-154.850000	-83.900000	359.999000	0.001000	False	1090,02
L		1631612266231	00032428	00007728	00000000	00000043	00000545	00000004	-61.820000	-154.850000	-83.900000	359.999000	0.001000	True	1715,16
L		1631612266231	00032430	00007730	00000000	00000043	00000549	00000004	-61.821000	-154.850000	-83.900000	359.999000	0.001000	True	2962,44
L		1631612266231	00032435	00007735	00000000	00000043	00000559	00000010	-61.821000	-154.850000	-83.900000	359.999000	0.001000	True	2411,77
L		1631612266247	00032438	00007738	00000000	00000043	00000565	00000006	-61.821000	-154.850000	-83.900000	359.999000	0.001000	True	2752,97
L		1631612266247	00032440	00007740	00000000	00000043	00000569	00000004	-61.821000	-154.850000	-83.900000	359.999000	0.001000	True	1195,75
L		1631612266247	00032443	00007743	00000000	00000043	00000575	00000006	-61.821000	-154.840000	-83.900000	359.999000	0.001000	False	966,38
L		1631612266263	00032445	00007745	00000000	00000043	00000579	00000004	-61.822000	-154.840000	-83.900000	359.999000	0.001000	False	112,3
L		1631612266263	00032448	00007748	00000000	00000043	00000585	00000006	-61.823000	-154.830000	-83.900000	359.999000	0.001000	True	1773,55
L		1631612266263	00032451	00007751	00000000	00000043	00000591	00000006	-61.824000	-154.810000	-83.900000	359.999000	-0.000200	False	2257,07
L		1631612266278	00032453	00007753	00000000	00000043	00000595	00000004	-61.825000	-154.790000	-83.900000	359.999000	-0.000200	False	2062,06
L		1631612266278	00032455	00007755	00000000	00000043	00000599	00000004	-61.826000	-154.760000	-83.900000	359.999000	-0.000300	True	599,22
L		1631612266278	00032457	00007757	00000000	00000043	00000603	00000004	-61.827000	-154.720000	-83.900000	359.999000	-0.000300	True	229,71
L		1631612266278	00032459	00007759	00000000	00000043	00000607	00000004	-61.827000	-154.680000	-83.900000	359.999000	-0.000200	False	2403,06
L		1631612266294	00032461	00007761	00000000	00000043	00000611	00000004	-61.827000	-154.640000	-83.900000	359.999000	-0.000300	False	1287,92
L		1631612266294	00032463	00007763	00000000	00000043	00000615	00000004	-61.827000	-154.600000	-83.900000	359.999000	-0.000200	False	2030,31
L		1631612266294	00032465	00007765	00000000	00000043	00000619	00000004	-61.827000	-154.560000	-83.900000	359.999000	-0.000200	False	2082,35
L		1631612266294	00032467	00007767	00000000	00000043	00000623	00000004	-61.826000	-154.510000	-83.900000	359.999000	-0.000200	True	2721,87
L		1631612266309	00032470	00007770	00000000	00000043	00000629	00000006	-61.826000	-154.450000	-83.900000	359.999000	-0.000100	True	2887,19
L		1631612266309	00032472	00007772	00000000	00000043	00000633	00000004	-61.826000	-154.410000	-83.900000	359.999000	0.001000	True	2,56
L		1631612266309	00032474	00007774	00000000	00000043	00000637	00000004	-61.827000	-154.380000	-83.900000	359.999000	0.001000	True	2665,82
L		1631612266325	00032476	00007776	00000000	00000043	00000641	00000004	-61.827000	-154.360000	-83.900000	359.999000	0.001000	True	676,56
L		1631612266325	00032478	00007778	00000000	00000043	00000645	00000004	-61.828000	-154.340000	-83.900000	359.999000	0.000140	True	801,91
L		1631612266325	00032480	00007780	00000000	00000043	00000649	00000004	-61.828000	-154.330000	-83.900000	359.999000	0.000120	True	1643,78
L		1631612266325	00032482	00007782	00000000	00000043	00000653	00000004	-61.829000	-154.320000	-83.900000	359.999000	0.000120	True	767,42
L		1631612266341	00032484	00007784	00000000	00000043	00000657	00000004	-61.829000	-154.310000	-83.900000	359.999000	0.000110	False	1749,68
L		1631612266341	00032486	00007786	00000000	00000043	00000661	00000004	-61.830000	-154.310000	-83.900000	359.999000	0.000100	True	630,86
L		1631612266341	00032488	00007788	00000000	00000043	00000665	00000004	-61.830000	-154.310000	-83.900000	359.999000	0.001000	True	601,5
L		1631612266341	00032490	00007790	00000000	00000043	00000669	00000004	-61.831000	-154.310000	-83.900000	359.999000	0.001000	True	1191,86
L		1631612266356	00032492	00007792	00000000	00000043	00000673	00000004	-61.831000	-154.310000	-83.900000	359.999000	0.001000	True	1207,94
L		1631612266356	00032494	00007794	00000000	00000043	00000677	00000004	-61.832000	-154.320000	-83.900000	359.999000	0.001000	True	2351,81
L		1631612266356	00032496	00007796	00000000	00000043	00000681	00000004	-61.832000	-154.320000	-83.900000	359.999000	0.001000	False	2830,29
L		1631612266356	00032498	00007798	00000000	00000043	00000685	00000004	-61.832000	-154.320000	-83.900000	359.999000	0.001000	False	1653,92
L		1631612266372	00032500	00007800	00000000	00000043	00000689	00000004	-61.832000	-154.320000	-83.900000	359.999000	0.001000	True	140,78
L		1631612266372	00032502	00007802	00000000	00000043	00000693	00000004	-61.832000	-154.320000	-83.900000	359.999000	0.001000	False	2543,31
L		1631612266372	00032504	00007804	00000000	00000043	00000697	00000004	-61.832000	-154.320000	-83.900000	359.999000	0.001000	False	1814,34
L		1631612266372	00032506	00007806	00000000	00000043	00000701	00000004	-61.832000	-154.320000	-83.900000	359.999000	0.001000	False	2669,95
L		1631612266387	00032508	00007808	00000000	00000043	00000705	00000004	-61.832000	-154.320000	-83.900000	359.999000	0.001000	True	591,15
L		1631612266387	00032510	00007810	00000000	00000043	00000709	00000004	-61.832000	-154.320000	-83.900000	359.999000	0.001000	True	78,29
L		1631612266387	00032513	00007813	00000000	00000043	00000715	00000006	-61.832000	-154.310000	-83.900000	359.999000	0.001000	False	155,48
L		1631612266403	00032515	00007815	00000000	00000043	00000719	00000004	-61.833000	-154.310000	-83.900000	359.999000	0.001000	False	1044,81
L		1631612266403	00032517	00007817	00000000	00000043	00000723	00000004	-61.834000	-154.310000	-83.900000	359.999000	0.001000	True	1908,22
L		1631612266403	00032519	00007819	00000000	00000043	00000727	00000004	-61.835000	-154.310000	-83.900000	359.999000	0.001000	True	1718,8
L		1631612266419	00032522	00007822	00000000	00000043	00000733	00000006	-61.838000	-154.310000	-83.900000	359.999000	0.001000	True	2827,44
L		1631612266419	00032525	00007825	00000000	00000043	00000739	00000006	-61.844000	-154.310000	-83.900000	359.999000	0.001000	True	1225,59
L		1631612266419	00032528	00007828	00000000	00000043	00000745	00000006	-61.855000	-154.310000	-83.900000	359.999000	0.001000	False	2882,27
L		1631612266434	00032530	00007830	00000000	00000043	00000749	00000004	-61.868000	-154.310000	-83.900000	359.999000	0.001000	True	693,06
L		1631612266434	00032532	00007832	00000000	00000043	00000753	00000004	-61.885000	-154.320000	-83.900000	359.999000	0.001000	False	1473,19
L		1631612266434	00032534	00007834	00000000	00000043	00000757	00000004	-61.907000	-154.320000	-83.900000	359.999000	0.001000	False	1416,96
L		1631612266434	00032536	00007836	00000000	00000043	00000761	00000004	-61.934000	-154.320000	-83.900000	359.999000	0.001000	True	2445,02
L		1631612266450	00032538	00007838	00000000	00000043	00000765	00000004	-61.967000	-154.320000	-83.900000	359.999000	0.001000	False	1208,25
L		1631612266450	00032540	00007840	00000000	00000043	00000769	00000004	-62.006000	-154.320000	-83.900000	359.999000	0.001000	False	1381,92
L		1631612266450	00032542	00007842	00000000	00000043	00000773	00000004	-62.052000	-154.320000	-83.900000	359.999000	0.001000	True	1698,31
L		1631612266450	00032544	00007844	00000000	00000043	00000777	00000004	-62.104000	-154.320000	-83.900000	359.999000	0.001000	True	1126,53
L		1631612266466	00032546	00007846	00000000	00000043	00000781	00000004	-62.162000	-154.320000	-83.900000	359.999000	0.001000	False	410,21
L		1631612266466	00032548	00007848	00000000	00000043	00000785	00000004	-62.225000	-154.310000	-83.900000	359.999000	0.001000	False	793,08
L		1631612266466	00032550	00007850	00000000	00000043	00000789	00000004	-62.293000	-154.310000	-83.900000	359.999000	0.001000	True	1138,48
L		1631612266466	00032552	00007852	00000000	00000043	00000793	00000004	-62.365000	-154.310000	-83.900000	359.999000	0.001000	False	2765,24
L		1631612266481	00032554	00007854	00000000	00000043	00000797	00000004	-62.440000	-154.310000	-83.900000	359.999000	0.001000	True	1364,1
L		1631612266481	00032556	00007856	00000000	00000043	00000801	00000004	-62.517000	-154.310000	-83.900000	359.999000	0.001000	True	1101,89
L		1631612266481	00032558	00007858	00000000	00000043	00000805	00000004	-62.594000	-154.310000	-83.900000	359.999000	0.001000	False	1446,19
L		1631612266481	00032560	00007860	00000000	00000043	00000809	00000004	-62.671000	-154.310000	-83.900000	359.999000	0.001000	True	1449,9
L		1631612266497	00032563	00007863	00000000	00000043	00000815	00000006	-62.784000	-154.310000	-83.900000	359.999000	0.001000	True	2692,09
L		1631612266497	00032565	00007865	00000000	00000043	00000819	00000004	-62.855000	-154.310000	-83.900000	359.999000	0.001000	False	2715,67
L		1631612266497	00032568	00007868	00000000	00000043	00000825	00000006	-62.966000	-154.320000	-83.900000	359.999000	0.001000	False	495,08
L		1631612266512	00032570	00007870	00000000	00000043	00000829	00000004	-63.039000	-154.320000	-83.900000	359.999000	0.001000	True	2934,03
L		1631612266512	00032573	00007873	00000000	00000043	00000835	00000006	-63.134000	-154.320000	-83.900000	359.999000	0.001000	False	591,46
L		1631612266512	00032576	00007876	00000000	00000043	00000841	00000006	-63.225000	-154.320000	-83.900000	359.999000	0.001000	False	1208,62
L		1631612266528	00032579	00007879	00000000	00000043	00000847	00000006	-63.311000	-154.320000	-83.900000	359.999000	0.001000	True	632,1
L		1631612266528	00032582	00007882	00000000	00000043	00000853	00000006	-63.395000	-154.310000	-83.900000	359.999000	0.001000	True	2613,15
L		1631612266528	00032584	00007884	00000000	00000043	00000857	00000004	-63.456000	-154.310000	-83.900000	359.999000	0.001000	False	643,49
L		1631612266544	00032586	00007886	00000000	00000043	00000861	00000004	-63.517000	-154.310000	-83.900000	359.999000	0.001000	True	1206,97
L		1631612266544	00032588	00007888	00000000	00000043	00000865	00000004	-63.579000	-154.310000	-83.900000	359.999000	0.001000	True	1593,62
L		1631612266544	00032590	00007890	00000000	00000043	00000869	00000004	-63.640000	-154.310000	-83.900000	359.999000	0.001000	True	990,94
L		1631612266544	00032592	00007892	00000000	00000043	00000873	00000004	-63.701000	-154.310000	-83.900000	359.999000	0.001000	True	2963,47
L		1631612266559	00032594	00007894	00000000	00000043	00000877	00000004	-63.763000	-154.310000	-83.900000	359.999000	0.001000	True	1565,6
L		1631612266559	00032596	00007896	00000000	00000043	00000881	00000004	-63.824000	-154.310000	-83.900000	359.999000	0.001000	False	290,18
L		1631612266559	00032598	00007898	00000000	00000043	00000885	00000004	-63.885000	-154.310000	-83.900000	359.999000	0.001000	False	1618,27